e3959d89723085b2bb0d795e39648ab2    -11    125     96
287d3c1b9e235584c2ec230e6c24770e     -9    118     96
840639355b0c85d274360838edf21079     -5     93     82
379292f3a5b1e81bbf7e28707bc8dbe3     -4    136    124
6d8cd35163cc2a1d09aec9d1d0738f14     -4    133    122
860a2ebb1c21a60b53bf12616c1761a9     -4    163    148
2e70da4ee096b03fe77efd802f0fb0cc     -3     70     65
763df98a1da6c279923d449739157f68     -3     76     71
e0403cf57443f46e266d3da171ccab92     -3    117    110
eeff2f1ea5d950780ba5d6a52f3c5eb8     -3    238    222
3f930044e5abe662a3e4402e638ebabd     -2    112    108
73acfddffae4dc8b51a9f3e0e3b7b0b1     -2     68     65
c89512104eb4196bb899590c2951e82d     -2     88     85
cc90410e414a7aee501574dc3adc82eb     -2     71     68
052ddc64fedd70ea178b057f10553cc9     -1     67     65
056f5c15eee0263431f80af95a331285     -1    205    202
06bf4837b0f1d60d636193da513e7eea     -1     66     65
0b11bffc78c1ba68365d93984f3588cb     -1     66     65
0e36c02095fbfeb4955c0e6d78b28a2b     -1     68     67
0e4d4b4b30b0172b7a44748e8d62b48e     -1     66     65
144d7a355840276d615622ca49fb93b8     -1     67     65
2017dc72d0a829d5c8f4c1effe3e7cd6     -1     67     65
23d3b865db7852201c84f710abc9a3da     -1     66     64
25e0eddd12dc52d4cb891fea9c80dfbd     -1     67     65
363ff4273578ea373b5462aa9d5be78a     -1     67     66
374247c0202863e9b6db9c10afbe28f6     -1     66     65
376b0c15ecb8249b55c9c15a59d3d8f5     -1     66     65
386fecd41e775b06fd7aedf2ddb3440f     -1     66     65
3b563634f80980ba0d7fad88014999f7     -1     66     64
40b8f2ea9a9509ed2b51e104ef322fd8     -1     68     66
41c6a54f76dfe8bae6f8199de6da667c     -1     68     67
43ff69175d2d78ea45597a1347c3e025     -1     66     65
4625e3ec7dd4608c3504847cf789b61a     -1    135    133
4ac43a1a1c7d2aa2eb1285e1cf948d7b     -1     66     65
4acc248c9ac92a0cc7bc378e1b1a2f0f     -1     63     62
4b4d05399a7f68aa5fa5977243de7dc8     -1     66     65
4d163ba83d7114a1761d7b8ffaf542e4     -1     68     67
51753433ca23da37f894de1b95662f9f     -1     68     67
578bb054c1bda80298d701cb8094e634     -1     69     68
590efdf60b171789e96e06178c3a33d8     -1    174    172
638da4ae27d12ac5869f6d5605fa18b3     -1     66     65
6c238870f675c38cf7d5b561885d1155     -1    181    175
740abce4ec960feedbbbf43154fa96dd     -1     70     69
7a1aa5265389af41333fff223f741b06     -1     68     67
7e46b996549130c17586474a62f350bf     -1     66     65
7ffa2a2b438c1126d3c1ed2f944a99f5     -1     66     65
8203492644b04a8dbfc1fa80fa292641     -1     65     63
8402eebea7ac050af2a0d2f628e16399     -1    168    166
85cdfd3cc9d8a62a27a03c19f1740508     -1     68     67
8622eff9085e409fd250c1fc05c616f2     -1     69     67
8868a1279aa0f1df502b42590d877b66     -1     69     68
8d02c384e94b4eb2656b1c398e0689a0     -1     67     65
9222fdfc56f9af5a1a915cb4e7f7c7a8     -1     68     66
98d85b7997942f5f262b7fe93b5b7dee     -1    170    167
99f2f6d83f26268c41772df03817d27f     -1     69     67
a1c0e4656ec5c4504bbf90a7b6e3497c     -1     68     66
b24d056509bfc971674663cb0ebf5b10     -1     67     65
b7c6e106686bfb54741c51dd0b006cd9     -1     66     65
b990197614560ee44107ff4e0cbf1fbf     -1     67     65
bdfbb6c5030059c2353ea5ec80815856     -1     67     65
c1c093e7589a844a4281ff9be00e1001     -1     66     65
c4981cb3ced6fea757f2f3161577a3b1     -1     66     65
c7fc559a86971524fcbaac826ea70df6     -1     69     67
ce14ebb1beebef6c3436b57e67e4ff49     -1     66     65
d70837786881e61a8db1a4a9f4a8cf44     -1     69     67
d76a2196690a0288dd2534ab0868684f     -1     68     66
e241a479c2fcc171ee749d46cee8ede3     -1     67     65
e641bef50d662ce698f96b44be6180cf     -1     67     66
eac61604c006113d7aae182dd84df823     -1     70     68
f144d20abc50c421facd6520d195a02e     -1     67     65
f2703794e49003de260718943f182949     -1     68     67
f299b8aa34a0a24ac00c25d26c20cefe     -1     66     65
f3dedbc044d4c44c55492ca12b5232c8     -1     67     65
f53ea74db6a3837c07923ca042272ae7     -1     65     63
f5783629bb09e55239f27878c405bd83     -1     68     67
000e0c33f523cced1835a2059a7a4bc9      0     66     66
0044bd897136bb7260c156b5c1096b5c      0     64     64
0061971a9ca0314d4b57ea34a34b8fb7      0     65     65
007e42dff64cfef56336388f8d7c8d50      0     68     68
00b2a5fb4c096ef445626659357da845      0     65     65
00bea19ec2d383be2dd9a556b819d960      0     59     59
00cdc3b06d1ef4e2ea2e7b54d1d355d7      0     59     59
0136216687d8d07423c2d4b1b307e445      0     67     67
0137b56507e53ae4580cdf7595c7f1f5      0     65     65
014322da11d157b0cfc9767bbc581832      0     65     65
0144eb881b2d0273f56c54ad1267eb44      0     64     64
015461797e953a0396c0c30b8d67729b      0     67     67
0164e289b6c1f0b0038caabef2db47dc      0     65     65
01a1ae165f2edd3bc25b5c8824ff85b5      0     64     64
01ae60998be7d4c72f6f02fb2ca45cb1      0     64     64
01d1fc85983a4123b2d48becef1f1f01      0     59     59
02469226fc43c3d7647facdd26c014ef      0     59     59
0294ec227221de09219bf71f10267308      0     59     59
02c4623a88fd381215f5e38fc28f3bf8      0     62     62
02dc74ce19ef3c1a29d4e1ee0458f717      0     59     59
02e2ff9e1a52398930d8a4074d2d2ddd      0     65     65
02f8409c2954fd00c7300d9169fe44f5      0     59     59
0332b65953d78b0d6e8f3079e559e658      0     59     59
0378f3a920f59a451cfca63a74cfd848      0     68     68
04176d2ac59a66ce1569657a44af4edb      0     67     67
051e9366eb4881cd9fbd9a477a4a1b9c      0      5      5
0523d1ab7da25f6575185c9ca87241cb      0     65     65
060aae88c12039262ed3c72dbf208224      0     59     59
063bb752daa0b3a8df5ccf2bbea2da3d      0     66     66
06787772141e54a951ae68991bdedc47      0     65     65
06a6c4f2a303140c74a2fb29ba580c98      0     66     66
06cdaacebcaa25237b0f348369bca51b      0     64     64
07ade829e9b0a06c6a46ca8920cf9d1c      0     65     65
08103a3626c347163e126be34c612843      0     65     65
0842dd7a47c0966cc3c3758cbee56a27      0     64     64
08525524324d55f219d5f56383a0e7c3      0     59     59
08679625d71555fa76af9fc6d519d1a4      0     68     68
087143615111d3294c7c908c021fa2b1      0     67     67
08852442b7b8c1025acb9f081134a161      0     59     59
088fd3b4360825f3f26cd92a1edc3a7d      0     64     64
08d8ec435039523e6193d135f67db129      0     65     65
08daa3ee3a872c7633147f6020cca278      0    131    131
09388767b27f26d480048f0a70663782      0     59     59
09a23f01fa6485d20aed06560be22923      0     68     68
09ef674126387abeb134f2d7f6fe86dc      0     59     59
0a0c3c47dcd68d72ddcf7931e88fc471      0     59     59
0a360ef4e53365bf788fc03dad69264a      0     59     59
0a654ae9008fd4c80115885fa8198804      0     66     66
0a88dbb67f756afd0d262dc9db301a4e      0     65     65
0aa1286817138781c2e246fd79575dff      0     59     59
0b2fc4fd951a01fc9b92d72b855308d0      0     59     59
0b6a970daf41c3c39900c016a323ef89      0     65     65
0bf1bffb79ce15aadbe434b5f507889f      0     59     59
0c797bb5701430b296ba45afc65b38d6      0     59     59
0c9324530dca25597d222007b025c6f5      0     65     65
0ca1a0a391c52d1e1af1bcb7dcc67e04      0     64     64
0d2120f7497e413bc2f029fcc26121ee      0     59     59
0d89c6c2d01119fe3609a1f906ffcb22      0     59     59
0e163e837ad204abf5c48a586e56666c      0     65     65
0e23b19b13eb48ce0918b0511dced073      0     59     59
0e31cfcd200ad6c9651b7a4a9e261f57      0     65     65
0e897f6735d3a0170cec0d5cc5df443e      0     65     65
0e8d7e6a90bfc5f29c866675cd9ecef2      0     64     64
0eb8073dc97d0c06cf9da9c9a67d1873      0     59     59
0ecbfc149170629aeb8fdc38ae72371d      0     66     66
0f0d95b5777c391b1a95e7e1a90cc7d4      0     66     66
0f1c14405ce22e48f0a6e032c6da473f      0     64     64
0f23f6fc29542e3a0909dcbbb4407d96      0     68     68
0f6161489b52f604528f5c7719fe129c      0     59     59
0f6a78494e48a7db4db88c14146910a1      0     59     59
0f96c6ba374a4b305955298084fdc040      0     67     67
0fcb3b7b99eaa5af028e8deb4de9c7fc      0     65     65
100414e95db4d1d8c5b3f5259e9315d5      0     64     64
101ce022e21da06d72f28e7f0e609767      0     59     59
1040ce5a6af807132c83d13fd9a6e916      0     59     59
105c71f2976cfc9abb31b180c0d603ee      0     59     59
106f80cc410c274d98cd3e207de408de      0     59     59
107136afdf9b75386dd2f405ad0bea76      0     59     59
11104a2b8c5826f2f96cafd045cca614      0     64     64
11458a568995f76225bb6acfcb0c628c      0     65     65
11b6b42fda1c49d61a4a7be8ae92a1eb      0     65     65
11d1ad08931298ffb5bf05011a2d1ef1      0     59     59
11ec231abc589c1e1ea21aaf4bca209a      0     59     59
11f35e115d96067eb09f6c672aa81b1e      0     68     68
121c3ab4bdb56d1123278117c47da669      0     68     68
1299c74c43ca7540cb7c0ecbdfa0af24      0     68     68
13028a41707871e39f213444b0b9c6bd      0     64     64
13409a4cdde2ac8e6ef5d54fd8f36251      0     65     65
134c75bdb4976296ba58c66338a686dd      0     65     65
13719bf4dc42708d701d91be9c0d0b95      0     59     59
13b87267765117268b791b6b5548c373      0     64     64
14026bf8a8dcad37489de9061c584288      0     65     65
14201014b95486ed0fc6c574e342deb7      0     64     64
1422d3e85c86219ffcddf6db83ac880f      0     59     59
143643edeb3e6ab6e250666acb345225      0     65     65
144c5f5237669f4ec76dfe3958a73e31      0     68     68
147f307f49afa91cb5f2721c5caf67c2      0     59     59
14f37c7ab3b9471510ea91916a708f7d      0     65     65
152c640a4bb3a578eb2705d186bbe04c      0     59     59
154a9edaf833e8db736624563e85c621      0     59     59
159ed1f4bab61699e49c1da551110b2d      0     59     59
15bcbac6e925d3a2f60329c6f9a3591e      0     59     59
15e9096bce471a9f4f5c6a50fff5157d      0     65     65
16220d377d757e16339d0b169d76b6c3      0     66     66
1655bedbb2d6c399b1509caf26f09a76      0     65     65
16841b0bf25a20d7c11d34d42342528a      0     64     64
16ae9ef9292c238192397172f4ffae62      0     66     66
16b9508f00b4127df6a0d82cd1c184f1      0     59     59
17884deba3163643fb712d24ee536e2e      0     65     65
179424b3eb14d66b672b17599567a76e      0     66     66
17d1972ca5fbd56f4275db15b17e2d3b      0     65     65
17de6cd00e4f0607bd312f90cf9fdb64      0     65     65
18274866bccb981a8e122252512942ad      0     65     65
182e9fca0609a5764f2a06e44c75ca54      0     59     59
18399e7d3a424b2bd9b718073c0e9b1d      0     66     66
189f89c433b44a181ecb56014eee0eff      0     64     64
18d93d0cbcc7fc9fe6cb4e4f78a00de1      0     59     59
18da0e7b10f23339302b991af4ffa029      0     59     59
18fb9eaf54121f33ac0f75cf97ee6d60      0     59     59
18feec17a62099b2a0decfb184e41c90      0     59     59
18ff35af52ff2f881484205838b0c31d      0     64     64
190f47c2683d9e3684003dd1c69d5064      0     59     59
1975b33ee0805a453328057636e0ed3d      0     66     66
199cbd180fe16d882bbc4761be8ff731      0     59     59
19ba0ecf876831635035be614f38528a      0     61     61
19bef087633e876c18f7a4c57cbacafb      0     59     59
1a494214479036e2c90810f6a8d6ed17      0     68     68
1a52fd20ad477e88d7a7756d4be127e0      0     64     64
1a62a13bf8690832c75249be25a7e629      0     65     65
1ab0efcdadf5b19eea9cc0655393cd43      0     59     59
1b36c49cfeca372cda1b9aebd288bdb9      0     70     70
1bb191a6f39b19bf4f5bfb61f2566fe5      0     59     59
1bc0aba180de3d9b1b72631c35e029b7      0     66     66
1bf04727362fe7622e58d4ce2c9b48cf      0     59     59
1c6e5ffd5ee29acfe8ef025cc8597969      0     64     64
1ca7fb06db004eb4d91322d9642a0f62      0     65     65
1ccc0b54ac5fc9a9a86fcba58df04034      0     59     59
1d09d329bceb5ffbd4ea9d72b4c3e974      0     59     59
1d3d279563fc8c98131ddd50fd0511c5      0     64     64
1d49dc7f2ad7b15ac140aa241ed415a7      0     64     64
1e18ad3b141c118fa401df901dfb939e      0     66     66
1e47c32b896afab47e8d0c1bfbfcd471      0     59     59
1e75dadc1152463ae36b14135464b369      0     62     62
1ee6b375e60994fe0aa7f0d535e291a4      0     67     67
1f2242dcfe026c90617101daee9bfa7d      0     59     59
1f4fbe7f1d4655339682add9fce6051c      0     63     63
1f5b5bcb0ca3cd5469288c87772c6938      0     59     59
1f77d9f0dbef8ead9c4e3bc7e592591f      0     64     64
1f8345fa3c3b0b7e7ec52561da3ca26a      0     64     64
1fa6096bf56f768a726eb929252fe74b      0     64     64
1fca6cbd667257a4951cb3fc1173c8d3      0     65     65
20a99255e749311d9fb07caf86b1de71      0     65     65
2192a33f19adec7924feff6b17685fab      0     64     64
21c20aa5fbda4eaef75dee20cda5b0f9      0     65     65
21cf26b531280c07b2a3cf689283d0e0      0     59     59
21e9f2322e622d1985a4133300522648      0     64     64
2202d9ec47a69d0849b50d177448de40      0     64     64
220e6ac13b82dab74c5e4130a2c33200      0     59     59
220fa0686ce142ca0dcec76aae15a7a5      0     67     67
2271fa0c2fe1ee3b2f06c9f4f7405be5      0     59     59
22838aa6d1260aaa760b0312181a3101      0     59     59
22bbde113bb20d14efccdd48be8759ea      0     59     59
22c3947fc1e47990fe7d0da89d300989      0     59     59
22c4e35427428019f4b20ee3ccf72d6f      0     64     64
22f7df6e325138ae86ac17d0f16a33b4      0     59     59
234a9a76732be87c599aabc78bd31f2a      0     62     62
23b0f4cc6ceac826d09671c4e01d965c      0     59     59
23b675e42205b28fcade72cce92d1dd6      0     66     66
23ba2a91746b5bb437d49e0d0f9506f1      0     64     64
24369fa541ff7a42977acb5b0f3f2759      0     59     59
246b964ff9f222841b4260c0f0fe0624      0     67     67
24855dcc2af38596988c7506bc72d50b      0     59     59
24a508f641b3f9bb758f15648683b085      0     67     67
24eda7367d8cd3f70bc75fe65d46763f      0     64     64
251be49369f6627a172df797894c36ae      0     59     59
2531fd6e464a10f640c9bd66b2cd031f      0     59     59
253a9f6b20f60e2cfcc7e831878d4eae      0     59     59
2545af9387d1443b202e1c1c240f010e      0     66     66
255956850498c2889d60b5b6a3c36984      0     67     67
257a4a0b847f59dbb5cfad855705db04      0     67     67
258def2eb531d16cfe73d81fcbe71545      0     63     63
258e11017fe7b061ff951af2d1fba67b      0     59     59
25958ebf6b94dd91735a3a2adec25112      0     59     59
259f52b707440641898fa66edb23d16e      0     59     59
25a02a09aaa87d23272500fff77b80d2      0     64     64
25ae7dc375c61d7a37a11beda1d0ceda      0     59     59
2646be751a3643c06810b071b58b5e0f      0     59     59
269c96cad72146cf0714ebb51e6edc37      0     59     59
26a90f690393dc31790dfc5d1f91efd8      0     65     65
26fede8e9021e2caccbad63456f4e4c3      0     67     67
2760f14fb0b34eff85c39ceb0c203253      0     64     64
27702aab170d59b5e02900890fbef98b      0     66     66
281d370fe04bfdea6e835f5e37595031      0    188    187
2839a8c85aa7acb2473b153535d8c190      0     65     65
28fd0ad77853d98715eee5457e2a3320      0     59     59
291660a0906f9e1bae43148049db634e      0     65     65
29202187b5c0342e4c3733e6a9c2e722      0     65     65
297573f54b4f6bd38d0b3286646f5502      0     64     64
29839e19da3734a0107e94e079032480      0     67     67
299bb76fc3fea4a77d374b651d83efec      0     59     59
29d31786831b79900e97347f5aba9896      0     64     64
2a016b75b451321feed81d68b42161ea      0     64     64
2a08636b0f6c3e1ec8e18e8ec005255e      0     59     59
2a1f1b19bd22dab1c6a5053c52d87204      0     59     59
2a204185accfc6126102831b26b5b8d6      0     65     65
2a747ce5a384e9e32354e3e66fa870f1      0     64     64
2a91914bf0411ca48529166b1d07714c      0     65     65
2ace76cc0626cc8a6225a30a7721b036      0     66     66
2b7e983d4acf9c8735ad6c3b6cc2d371      0     59     59
2b8ced4926c863853f2cac58464d6560      0    112    113
2baeb20ac0503ab8befd43ed63c6e212      0     65     65
2c1e453ee29bb4a35423ab8a7424d2f5      0     64     64
2c20c104d4ad16bf2387b1cf0805dd05      0     64     64
2c8e893c1ea9ece7b3f5d9fc4b7e3967      0     59     59
2d251fe312839e9a770f94afcf1b4df5      0     59     59
2dd049ed83e74d6c49ea0f04b8306db8      0     64     64
2df93dd7f887ac6a3cd89983a81731ae      0     64     64
2dfcb54287d86d09dea98b07af541bd3      0     65     65
2e153477af947555969b97f05eff9613      0     59     59
2e15451dd7ef6932e4fe484df815faca      0     64     64
2e2c6e5eb3947360a90753f335441ead      0     67     67
2e4f2abd4036d08080f2cf4c68809d76      0     64     64
2e5c8fbdccc4597a9abbbc9122cff52d      0     65     65
2e63f33dc587501f3eb45f90c8cfa430      0     59     59
2e64476b793cebb981009e4bccdb60b0      0     59     59
2e9047fa2956bcc4e1522af4868f1ac8      0     63     63
2ee7c2bfb2d6be694af330f7cdd8d0a6      0     59     59
2f046c4efdb27b05c534d6435f175710      0     59     59
2f307ba3df65eff7309eb667792b7dc1      0     64     64
2f5f6d7d8d778314ed8a61fbbfc11b16      0     59     59
2f64a33e3375198ce0d5480084bc01f7      0     66     66
3007222d647590ff17ed090c1653423e      0     59     59
3049fd54ecc8fe465c5931a5353269f5      0     59     59
308d922c654ef8c1042ecb472cd3074a      0     67     67
30a48a37ba8968d9b82312c85c026358      0     59     59
317d14913d27381803a892b7b50bedb8      0     59     59
318f27c9d1e644c21cabc261ec81991d      0     63     63
319604129a90d5cd38d5a1e7a5aec29a      0     64     64
3198b9f0a7812c49bdb29be3b1b21481      0     66     66
31a08e9de8e232d2e8251481ecbf6448      0     63     63
31ae14b35f7ad1349f8bb49f2a9845f4      0     65     65
31d0422332d2a32e7f537111a250841b      0     65     65
323b13ec6a584b08f44346a853f40b59      0     59     59
3260913da5b5488201ed696eb653decb      0     59     59
32a72567ffe025e4123a77b8347beaa8      0     64     64
32a7c83b5f9d47fe5f3ce8b78cfebb44      0     59     59
32b5cda15cea7806bc638bf51d6f8354      0    166    166
32bec36c456b963f9d61511fb36d8707      0     59     59
33ce76884664fc23ebf6ddb42eeec00d      0     65     65
33f0cbd9c84603a08db40f6d61f9993e      0     65     65
340734aa858db0020740d0a74f1aac3e      0     59     59
347e797689b64afd3bff639641999edc      0     64     64
34988604af0978984582e99ed8a7cf9e      0     59     59
34b0e4b9f3b60652fe94dda12c30c6eb      0     67     67
34b930822df4e29850764bed02a32f58      0     67     67
34bcdfa9783a82648e7edf35ed8794dc      0     59     59
3531b3b07d159b7b5e3c37a408663c4a      0     59     59
35847e0c229b9b903a07ecfa850e1d29      0     59     59
35b10c92691b949bb2bd1818d95adcc4      0     65     65
35b7d3a34bb48a8be4f60ba38b60b205      0     59     59
35b953036e35ac16704ba7b58ff41e50      0     65     65
35e2b54b8e8e4ce93eb34ad1842a5e06      0     64     64
35ebb280de6fb16a8e29b16f2c85c989      0     66     66
36196a3f40ed7d2576f2866547546973      0     59     59
364d52ab2a13b1572cbf2acfa27a2fff      0     65     65
369e7dd59f1e0b6b43e72055a4bfdc34      0     65     65
36a5351b800cf9104ed15fd72a8c5080      0     68     68
37225583e6e9c41dc6fa64d71286b3cd      0     59     59
37ab97269fa66c431fc88f780564f145      0     66     66
37bbddaf06d234b9db7fe0cef30a32ee      0     64     64
381e42c516c983f75c9171797265a15c      0     59     59
38308ce22f08ec8d12cd4485f9fc9187      0     64     64
3885b972f79418ba320d7f50640d9674      0     65     65
38ace4cc2103b97f530ea74e74383196      0     65     65
38b416fcd5373fa2c9737d0a4928a1b8      0     59     59
3919ccecf3aa1c7c8fe21b30bab21d16      0     65     65
396832509ff723f0d372898b333cf50e      0     59     59
3975bd64f1aa9fcca05821639fb0e63f      0     61     61
3984b2b9ad4e8295a3d204ec97134359      0     65     65
3990b672701b550359fb7ccec387cc92      0     66     66
3990db2af05f8bcc95c34d57a2d2ca09      0     59     59
39c61d1308812c4f6313c67fb21f4487      0      5      5
39c92f8aea47fdf5d4b5b6a7c4bb40e6      0     59     59
39f6d04dac4c9a24a464e99187ec4f89      0     67     67
3a0f7d52874eb1e61babc60c73647567      0     59     59
3a3f45c30744b216e987a93cfd5ffc32      0     65     65
3a5b1f6faa7aa0c812fd3f2434fb6956      0     65     65
3a60fc4a5ed89c6dee3f317106452f22      0     66     66
3a63d410ca847a95df635fbe545c4cbc      0     59     59
3b19ceca6a8dd2025e428d1c63f665ac      0     59     59
3b4d9ceab44ac1cc1e09b3b6720293ce      0     67     67
3c32dc8383c13925fcad8e8a6715380f      0     64     64
3c9fd51e235d58967f53b778537a0e1b      0     67     67
3cb4371df81835ed363531ed1b8a9904      0     59     59
3ccdb55b4ee679752dc357b83d33396e      0     66     66
3d456487dfb34d15968dbd7afca6583d      0     64     64
3d56f8ab93379d9c396df0b62ed41ac3      0     59     59
3d73e508d1f97c37aac5fcf569c5dc45      0     65     65
3db09255d5f012253397c81f01b95e9e      0     64     64
3dc6f2b7e8576e09a103e749e0584e3b      0     62     62
3e2e8e1f2dc2213446b6f4ab69b2d318      0     65     65
3e454c9e653d053f3257354c6641dcaf      0     64     64
3ee56f40fb9d98b005f8c47521886bf1      0     68     68
3f18155ab9ce15378cf03eca45477f7f      0     64     64
3fba26bdd9b9b153e69133b92156771d      0     65     65
402533db75fc3b13c440f2539c2d13f0      0     64     64
4088de7d0230325098e4ac732482b18d      0     65     65
4090f64b712ebb485b65b5dbad7d9da1      0     65     65
40b55b9abe9cef7145b49866b07855ea      0     64     64
412570e83cf3fbe106b042ccecdbaae6      0     65     65
415449c6d8a1a3b5a6b50b714de51062      0     59     59
4198d1fb607bc47a45af85ab0a50210e      0     65     65
424f469457e2b6c6e7ed47e979f2cef7      0     66     66
4265581b46dbe3347109316012590e28      0     59     59
426bdb754d38a751ae11eb63e5193dfb      0     64     64
427ed03d20648491838b733dd816c5f2      0     78     78
42aa27797c0e14ffbccf2de5231cde7f      0     66     66
430256ec16eac3682acd02ca716ec173      0     66     66
433367180c9607e068f5bb9e31ae601a      0     64     64
435044f0bbb51394e0ea9b6e1cc5fdea      0     64     64
435c8eaf502507b48efba92fb7df9332      0     59     59
4360680e8001221ef0f535796d87fa6a      0     65     65
4414f1cb967a283e41a839a8edd717ea      0     59     59
44ab5f0fe5928a4902138e7bf93c81e5      0     67     67
451ae97ba13c66394b26774102b42483      0     67     67
45ac87e138bdb1615877286f37e05309      0     59     59
45f4b0755e6f8e064085e304947aea22      0     64     64
461ad8f4dc0f9f2cff2e6d035af733b3      0     59     59
463584e84d815bb9dc6b8d9843c119b7      0     65     65
463f65676a5f03f382457d925ef72f42      0     64     64
46b4bcaad88091dfd749890220240758      0     59     59
47321029f8e6ca52dbec4fb37087a646      0     59     59
47550a280da8e10dc895551bb07ee2c0      0     67     67
47751bede66c1ebe66cc26000f18fae7      0     64     64
47949f956a3853867a8b5e9e6e7dc86c      0     65     65
47a616c4766fd5ae0f75e6cc7a2e40a1      0     59     59
47ab532ca1f20c5cbb9d057f6e2cee35      0      5      5
484bd04eb7aa41530be058f0d4f12bd8      0     64     64
4855114f0a6d17e6c066472ccc7c3152      0     59     59
48694b6323976aa78b147065d92d2328      0     65     65
487d27b5dc50ba65577ed42115565cbb      0     59     59
48897c0b1b93b4ce27572a749df879e4      0     66     66
48bcaa908cebeac717000d19ce38c8ec      0     59     59
48d0a2f0928b1c6039287c323e949142      0     64     64
492c92fd72d5ad0f1cafa470c2ae574e      0     65     65
494de69c1c3227b74b50c7dfa6ef2d35      0     68     68
499e2d886be9f102ab4db288f16e087b      0     64     64
49f3c52ea8e40d9e4a7811657b5cc04a      0     63     63
4a3bc6821e8143d33793e549b9cbce35      0     65     65
4a771397d41a33a45f4d8ef17785559b      0     62     62
4a830b307701abb206056ecf9f913a47      0     65     65
4ae22ae2c4b7aa78d75835ea5f85adb1      0     65     65
4ae98523ef1dcb1dc1d1b0253ebcd8f2      0     65     65
4af69a1419b6aecf0dcc8d326998fa7e      0    105    106
4afc6c96f3ca473a36228bd6b252f054      0     64     64
4b044be73ab0c1a7962482aec5edf777      0     63     63
4b2460924c0addda1457300ba3d6db63      0     59     59
4b4582e4f4f93e8e573b34859a3f0952      0     65     65
4bbc4357431b4740898d8fdacfd19254      0     65     65
4c05992b6e424b1034cf3f14502c40a2      0     59     59
4c162a0ea9072ec06eca83cfc14fb256      0     65     65
4c1781f45ed7b10c5fde512faecf3aed      0     66     66
4c35ddcb0e139f0d2f7df99f397790f1      0     66     66
4caf6a5937f9f69f337371147f2bc448      0     59     59
4cd5ef76cc5711639e6ed4b9df1edd9e      0     59     59
4cda090c536855c4e61e591f111be712      0     59     59
4d252287fed6de623fa1354148c9142a      0     65     65
4d3e125e9ac72cd4289dab7b1afe39f7      0     67     67
4d95a0a9e17d0e03c02b821b962c52f2      0     59     59
4e0c5c34360f6bd67c395953be0bccf2      0     67     67
4e13d81a9a0179a1c606c5de721666e1      0     67     67
4e194499bf5f88e755c12a4d0a484699      0     65     65
4e2123ac26ad1c2b9afb0af672e9d530      0     59     59
4e776ae7c8286a14eae8f8c5f0c8de7d      0     59     59
4e878d1daa34f83abeba1bfb2374733c      0      5      5
4e9b0e13625c7ba3656525c38b7b407f      0     59     59
4ec43b77dd0d5d26dc735242861a6f2d      0     64     64
4ece2d91f5fb45e78bf85a77bfd71659      0     59     59
4f1de046cc2850490226f242ba177b93      0     59     59
4fe129a42f324ea13ad0ab547e6486a9      0     59     59
4ffad645762c6cf3169757b7ca0eb2df      0     59     59
4ffb662517a30de4389b5aad4aa36e14      0     59     59
5026eebfd5156c17e4408bb3be35a7b2      0     65     65
502abac9d00050aec7f2b584df35d51b      0     59     59
503d2271fe9c17b045e8838284efc496      0     65     65
508b783eae8fd3e0741dd20d4f53da66      0     59     59
509aa3c34e9482c349fba18643662475      0     65     65
50d08372c4b102939167789a5d142b43      0     67     67
5114e59c7f1ec8b4ad24bd59b60a67f9      0     65     65
516b115440ba1ea362cb75373176ad6a      0     64     64
516d9f797ea7a9da3437be45a309fe1f      0     63     63
519087aef009741257f176b52662cc76      0     65     65
51967ffb647cc704a633b44e68abfb12      0     65     65
51e77bb08df3e706799c5ce1d8ea3c6e      0     65     65
5202d8e9080eb1fe035f64f57b50cb04      0     65     65
521b42f299a0ccb3ef59e5db3aff53a1      0     65     65
525087f7048fe68a2977a4109a140b07      0     64     64
5267abab3d99011c4cb660a6d67ddaf2      0     59     59
526a87447affb0f2afe66fed11a907e1      0     59     59
52844bcfe1149e3ec260a4d87ab3c665      0     59     59
52937361d017246f3d859cc12da31381      0     59     59
52a651fa7e3adde7a99cfb909200cdc4      0     68     68
535eb1f73479be8361ecbb705b09cc7a      0     59     59
53720706dbcaf3ed20e177bd74361f06      0     64     64
53a257e5641fedd917db2cd32b36dd03      0     59     59
53b42d2a568f498ccf1af26019f14498      0     59     59
53c900535770f81f1324f391852d010c      0     66     66
540dae72f5b75459b161183b9fcee93d      0     64     64
5418bb5816c687eb96300977bc840a12      0     59     59
542592d0b1be49541996516be2243bdc      0     59     59
545fd3d50bb5b94b854dccf1d00e2df7      0     59     59
549a52b7d8911a8a1e324c4d1455e4d1      0     59     59
549db70f9d4dd1dc2295c2c0af12a99b      0     65     65
5501f3f080caca3ad7b196f975a470c2      0     59     59
555803d73c032d7852623d2c4657d809      0     59     59
55a10c1faf2c4b42323bbb9dfa1507fd      0     65     65
55a9b3ec14afc7006bf039b80e8dac70      0    166    165
55c2a0bc53f0bcbbd99489ae754805d0      0     64     64
55f7c6a47d9010bac32ae2b4847db612      0     67     67
5609baed24729b9efee9fab5fab1b145      0     65     65
562e78d6d78b4b876fa44d8ac6792f65      0     59     59
56441cd2d5a4493584d2a4f26d256381      0     59     59
56869def50f42edbfa72a8f0c536bcc8      0     59     59
569ff334bbf6b020b55ddd5b7e70f68c      0     64     64
56c8cb84e5b43448a1c5276758ec32a7      0     59     59
56d6115d57c35a65af254e4c58c41daa      0     59     59
5707b19718a1a5242216ee4b06636a02      0     59     59
571443a1859220fcb4414008dfb14b49      0     64     64
574d10be701fb5ecb4dc586cd5975a1f      0     62     62
576af75275ed4da8bfb007b798e4be0a      0     65     65
57975360bb5f5e263507d5a39a53c79b      0     59     59
57b6dd86fd6d0c3885e8865679719621      0     65     65
5802704a8ca8442a41cd901f11375a3f      0     67     67
5808c9df8eda5149adf597905c9686c8      0     59     59
582757e518add571f0848a377df2176f      0     63     63
588128fe53481a3eec61a75ba4d90caa      0     65     65
5897c0995c79cdf0b35a1556525e9735      0    127    128
58a5278c427bf33903d10bc013206627      0     59     59
58be88e71cc7b32de5c2e58640217157      0     59     59
591493590068f1519c0a3bceeacfb33f      0     67     67
59469c8ca12aaf82af85845dcedd357c      0     67     67
59611ff068e67f12b5ca82386f7256a8      0     59     59
59847adacebaf314e1fe5f31e28f92c7      0     59     59
5986090d99e7717b6baded86ba34c888      0     59     59
59f6ac6bc00d9a2b3c53d1601186c117      0     65     65
5a1b58b5e9e3bea707022e3206495a90      0     65     65
5ad6b5d00f320fad95c271e9d51b0f66      0     59     59
5ae5d6937226e5e6bfab516e8fa43b21      0     63     63
5b00adc37befd90032c5abc8587c68b4      0     65     65
5b8df555b5802fe0ab8aa7048e5509c2      0     59     59
5b92b853400784bebc14791dea6f490a      0     59     59
5bdf9e378f018c6724ba8787064fe1e4      0     65     65
5be0d299ae6227676f222f730fc570bc      0     59     59
5c05581e4139ab7355db63db674a2dc7      0     59     59
5c1274d8ce2fd77b68b6ec3ffc3416a7      0     64     64
5c1a6cc12e8d28a7cf4a1dfb9ab1afe9      0     65     65
5c311945f8097d3887c724ee8c2d7c72      0     65     65
5c5bd05ee4254fd1c41f1c84bfc0ec31      0     63     63
5c772d7cc60a9c04b1071aac25c55a36      0     65     65
5ca9a296575303e6d2c57b7797f44c56      0     66     66
5cc89c841a59779394df39bdb7aeb09a      0    109    110
5d00bb4740beb45eefb1ad3da8581933      0     64     64
5d3b1fc0764995d3838e3f62aa2d240d      0     65     65
5d9ebc996a97f25ac7f0d39e886f9bcf      0    112    111
5dcbbae58d02015ad0fdb487b64a383c      0     59     59
5e0be5c3c4afcaf0c4475b0f093c6dd1      0     64     64
5e0e3b2c4f323bb10eda2f0f7586e612      0     65     65
5e261c678304dfa296d1d098864bef47      0     65     65
5e660f99338f2b58aae8895541e67c7c      0     59     59
5e7c530199ce58eefc72aa89ff51676e      0     65     65
5eb0d07fd0822697b5c4e1f4ad91f6cf      0     65     65
5f0eed3086389f94bb62b98de7c67f4b      0     71     71
5f16427b7a101ca4e14cde13d500635e      0     59     59
5f227499c868440dc5f90999efa831b4      0     64     64
5f286d2d65f952adb7a9c5b5385642f6      0     59     59
5f449945bd731ff7c1496650050daa64      0     64     64
5f4b089941c3eee6b880cf1a42720871      0    153    154
6009380fd5d105d1fbf2d440067eee45      0     59     59
605c19d130bb958c30e5696c3a58ce6a      0     67     67
6100f3da5ceb205ce0c26f8c77b31890      0     65     65
6129a456b134023faa6853444e461455      0     59     59
61db024acb1ad903d4962f2f5b4d0bf1      0     59     59
62317c3555db4ec842826887d2f53265      0     59     59
6269bab7435b132085e7de0b38a845d0      0     98     97
62aa7f36c522dc48da4a5d881ffa37be      0     59     59
62ef744ea1a9d66873537a200bf8339a      0     65     65
6317515813cf762353ed75439a14555c      0     59     59
633bc0616ca46fca0794f5f75938fa35      0     59     59
63e076704ab1e562cd9c135fb03c2180      0     64     64
640b815f1fb8676d4cc42942ca79a050      0     59     59
644baa5ff794b4b096474ef75493ec95      0     64     64
6518f781274d13998dc8c1753616393b      0     67     67
654a18736d0290e2773ffaef4b4aa3d4      0     65     65
656c8f8dd221b1e0eea2f76b302e3c91      0     66     66
65a19f97b920a10a5d68e0336466cbc5      0     65     65
65b4f535a4a55fb8044351e7ad62b447      0     65     65
65c6d68de8e2d2048189c45f63bd6c3a      0     59     59
65dbd773258157f6d01e9c14ec4e3637      0     59     59
65e011277b5d738d9754a3f9833a219c      0     59     59
66907098f2d5e4adc1c497420305dad8      0     64     64
66b07d7ae18a7734f8f2328368f0c1f0      0     66     66
66b5b23f7a2801116ada334f9f4f8939      0     67     67
67002c25adf2c40f0fe752b0e9d6de59      0     59     59
671e55e785214804d7fc6695722201d8      0     65     65
67451a050a30669b00660a915556a84c      0     59     59
678c818048eb8d2b2ccfd626df64e217      0     63     63
67b13f4afc562da99f11ed5c75ee17f8      0     66     66
67ba49b1388171366d39df18285906d3      0     64     64
68089762c9f5f1d670bc53c074563939      0     67     67
681ddad5a84816737ff9e27bd9a73fc3      0     59     59
68d9d0e509afeedc24449291ce4647a2      0     67     67
68df8186ac07deae4eea7e3aee34a00c      0     68     68
69513c25626b21687bde49c6fa086bcf      0     59     59
696b6a9530706b343240161b00fcd06d      0     59     59
696bbceb74d298598dd83dcdb82b4c01      0     65     65
6a85a7acf68dfa3699a595d3a01862ee      0     59     59
6b2cf3b5232ae5149d15b8021cf89702      0     64     64
6b5eb4ba3def99ea6479f089082dc3e2      0     66     66
6b75ce7c49409cdbbbefe2c705c47c7c      0     67     67
6b82b86ec336a9724800a79b38117d81      0     64     64
6b84f2fec97e0157c0e25035d380f87c      0     65     65
6b9da7c56cdd2880a3d25e402dcce036      0     65     65
6b9e2207dfdcd23b1547437dc485ef6c      0     64     64
6bbf8b05068bf38b51d45c1e0d2100e5      0     59     59
6bc6d237cc55c91ee83827c38addee08      0     67     67
6bc7e0ac47466fe49b9c024d13a928fd      0     65     65
6d5d9f163da94402abf0e8f782657015      0     63     63
6e0d2bade903c45d8f30e269f035e0bd      0     59     59
6e31aebd5697c31b25ccba3630996cfa      0     66     66
6e43c62e8299072eb3b0f40f7ea77c8d      0     59     59
6e5a82439b2d889255e8884d7b53967f      0     65     65
6e79e416caf94cb4edc0e3ca54d48a29      0     59     59
6ec8c70d5be110c6ac39158205629139      0     66     66
6ee9f0b7b0abda6ee7c8a6d366f6f85f      0     59     59
6f247177c3cb125126ed5dff5ae8016d      0     65     65
6f672c7fbcbe3340e772d41fa7fcf318      0     59     59
6f71b910b48c9701ce1b6fe4a9ad7e98      0     65     65
6f7bc70f15945897f51d2d33ca91334d      0     59     59
6f7c8cdd9fe2e0126f191622d87c7b81      0     65     65
6f8d1b6706068c5fa84eb88ea4d73b19      0     59     59
6fa235e0e6c26ead3677cc1fe8d2adbe      0     66     66
6fc4f32c2422a504409008b551ab4702      0     59     59
6fdb58c37f658c2cd0b646663fd8afbf      0     59     59
6fe7b2b5a6f1268dae7e9d41095ac349      0     59     59
704e32f487bf60454e66aa7aaf4a9b42      0     65     65
705c168c92cb8c977467c08b34db59f1      0     66     66
705d39ede5366127c271348ebd257cc7      0     66     66
70cab774d2cc77ee4c0553bf6528491c      0    104    105
70ee23856db287eb7c7fa24cd5f40672      0     59     59
70f496b8f193388964cdb88c99971cb5      0     66     66
715b8640a8edcb25080df74de388910e      0     64     64
717c66ca7579905f1c9647edf120481a      0     64     64
71855b2defa3c866a2ee322b88c188e3      0     59     59
71d00203a6c7b32d05e432057c41f888      0     59     59
71d9fa16c941ab6cd106ff550d989eb7      0     66     66
724eec4a03fed79f44d87d4f3aae10bc      0     65     65
727c1995036d13b027c06162eaeaf279      0     59     59
72df6f75eb73d92c6a58007e81da5823      0     63     63
72e1e49b4898bbb7a6983df9f2535794      0     65     65
732f3ac808c9bd6421c4074de744be14      0     64     64
7351997c5c8764ae6948d2a55c471df4      0     59     59
735867ea5e494a40c8abff0c275535fd      0     65     65
736715be989fd7c9f5bfa661aa3b5a0c      0     65     65
739b1cb0cdb3af241b260d1e51b96ad7      0     66     66
73adbf0f45c7a52180036cf1e19fa577      0     59     59
7444c088d6c442f58ce6b6c8fe23a0f2      0     65     65
7446502aa95651033f219f5ccc982317      0     66     66
74a636500c5b31be195025aa240d6552      0     63     63
74b749a29b162c89e974261f69602c40      0     65     65
74d69e73692d6af316d69cae99682d58      0     65     65
751cf77fcaab789bcbe360ed60687229      0     65     65
751f0f46ce3a1795f39f78df9b86df16      0     65     65
75690b00fa7cab359a97e911dde2d54f      0     66     66
761d3c910833ac41cf6daaaf40967eeb      0     65     65
761d60e9cd2839a76bd24fcae84250d1      0     66     66
7670e72760b88000382b802185cade80      0     65     65
767221b2b749b96ecc8eebff4b664e59      0     59     59
7696297c05933622762e0fc900df04fc      0     64     64
775ee11478cf5041537dcbc863985022      0     66     66
776cc1ca657dbc5f1bb126be74462f09      0     64     64
7788b94ed0e8c2dab8638732cd66e902      0     65     65
77a3f3971e3ea481b559fa608a7d4736      0     59     59
7823ebcfedf850a63b25a6a8dfd81ffa      0     64     64
78302ceb6a50858104e21a2ef109bf64      0     65     65
78428b5fb645c68bfc3c37885e3e57de      0     59     59
78c3526a5bcef1a6ac9574d3e51a8808      0     63     63
78cb14e9c6150198d9e1f12696e6e512      0     59     59
78f576f40ea97ff2c34855a9f4071dfa      0     65     65
7923ffc0572c378d9f201d859dbe2fe5      0     65     65
794a928f237eedbb4fb6bb42e0c4d6c3      0     59     59
796de5369d2f4a04b8c7291b4f8d5d5f      0     66     66
79b1652fad08cc65aff5abea587d1baf      0     65     65
79f2d0f6582fcc560dece09d6af1b5be      0     65     65
79f77ebc7ed5337a2f1bc83d38681aaf      0     64     64
79fae07515c6c0a38fe5449456dd40cd      0     66     66
7a5ce8e092d072106fe3fae1c156cccd      0     66     66
7ab5399a305db67235ea4e4375e5cf17      0     63     63
7ae3eaebd4a62899b993f7ec2963f6b8      0     66     66
7aea8c6c66fd05670d0826ce29de420b      0     67     67
7aecd704f3b8baccc9e0f60984927613      0     59     59
7b522bda548f354f65bbe2953bfec1e3      0     67     67
7b62cdf31549438234250a7279c2a9b2      0     64     64
7b983783bf9cb3f134c3a6a146295435      0     64     64
7ba8c612aad88560941c21a08c8d0ed4      0     59     59
7bb558a5d3de4d892f52800a50f9f4f9      0     66     66
7c234d85a320c567c1c1c199c7b3ea99      0     62     62
7c2e81950be2c895ba3161890ec4e976      0     65     65
7c6bde48e625da6bbfd573755005b5d2      0     59     59
7c7fb81ac3cbff6e484dc93ca0ef8117      0     65     65
7c902257ff988d34e520ed8271599e0f      0     59     59
7ca52136fbff85f4a3ff31c321ac2093      0     59     59
7cae27900b729db2f6725206fea3f23b      0     59     59
7d18445ff08ada7db6d23c753916905a      0     65     65
7d3162bf52b8f567c9a81d09cac0c211      0     59     59
7d379d6d21e1a13ccbda0d7a65487642      0     64     64
7e1adbe8312998b95e87a1ba75bc2ec4      0     66     66
7e8778c21bfabcd3ad3288d359aa4e24      0     65     65
7e8cec9949ad4faae4d615c89725f507      0     64     64
7e9f06b072fa10984861b6cd828494b4      0     59     59
7efe1bbd40fb5ce8480283f134343368      0     59     59
7f075fb53731f447962515f6383ccad1      0     64     64
7f2374aa3a5aeb0ced0a8f14585a7d7e      0     59     59
7f73dfe7351b026541738071e70015eb      0     67     67
80b07e68ba5c635850d6bbdfb2c2b58a      0     64     64
80c189429efe442f074051d2d3300e6f      0     59     59
8113248dc6c206dcd99d56a459a7380a      0     59     59
816a355dd3e83517e362b06c6c83065a      0     65     65
8193d7a4a5e112d05145a37ac8f9a03c      0     67     67
81a6dff56fbf7872d3976bd9483f641b      0     68     68
81f35936c9fecaad2f2900d8cf24027e      0     68     68
82aaa197f15e09830e224dc49b942c42      0     65     65
82b686b5c8e63fc2f3e1e0d18ac65f04      0     59     59
82b8cae2a9af4689eafcb3f009d80f8b      0     63     63
82c4c9d4288fffa6baff9a6e1437aabe      0     68     68
82e7a8959c32799af10b25aa1bc7c393      0     69     69
82ed4a5c7121c81d3d324559dcfbb73c      0     66     66
8309fc69e2b25d4a53f4b9c6273d0de0      0     59     59
830e75557452a65d2eed3c553ea23184      0     59     59
834f073f5c3c23c4a920a581399252a7      0     59     59
83b13c808eeb71551d9b5d41ec95dd25      0     59     59
83f8e8440cf0c191c013cd1945217705      0     59     59
840990718b886c05bc8b4707ae3603f7      0     59     59
845b1a191c5b4551cbed07faec3db5c1      0     64     64
846b168da6f208629851ac6e6e511755      0     59     59
84bf2117d0e1783d92d3e0860905fda7      0     65     65
84c29d621a6aba5b2ba1401e9e3da635      0     64     64
84cb96ea2adec0de970550f234513090      0     64     64
8518468e4a6ec2794cbfa18a764559c5      0     59     59
8563abd4221a245bff4ea6abafc7ec69      0     65     65
85cb629e9a7bbd5e44f6154a49fed4b0      0     59     59
85d04e0ae666fa6d1e3ae3fdb30732bd      0     64     64
85fa8dc9eaab618cc2e445c2bff6f4c4      0     65     65
861cd1178a99c0e98dc3856d07baa1a6      0     64     64
86207c07ee1969b91dde4ca266fbbb76      0     66     66
86348cdbd482e62f93547dde50f17403      0     66     66
8653b3369402925f4483bcdbad76efc7      0     66     66
86889d0f17ca869b8427cb778eb18acb      0     65     65
86dde0c9537474f9efe6e0dd1a6bd1d1      0     59     59
86f658ef4626397696ffc20d443640b0      0     65     65
8734001368d4b9701d9acfd35d09b92d      0     64     64
879788f164e9a425ac8d84c60e48518c      0     59     59
879edb96e3c22a9338ca83c7ab36a211      0     65     65
87b6914358a7d4181480f2a6400cf0c0      0     63     63
87c21aa48017cadc80d5384e333fb090      0     59     59
87cda2ec65cfad196c10a94e15a34c93      0     66     66
88b1751a4e10e47ef3b0b20001754922      0     59     59
88c478e5d9c893f86230cea788fb3665      0     65     65
88f3f579b4826e1b4dfb3111bb945e4f      0     59     59
8982ef1f5c6a30ef8c18b39642aa3563      0     59     59
89b53a93eff27916971a2929d450e246      0     59     59
89c8b23d48802c82a79f56a5eaeba21e      0     59     59
89d74edb668682be9440255e13647f79      0     59     59
8a016d154055e1383a2a35b20b2b6666      0     64     64
8a0d254987eeb30877a966ef911e681c      0     65     65
8aca30ebdeae1c765007c7768675cac9      0     67     67
8ad7a2412ef77ac5992933e29b9b7e5b      0     68     68
8af4c21f65ef74ad92815dc51b362c21      0     59     59
8b420f119bae816b91959ca92894ac43      0     67     67
8bd36ebe875acbaea18fcd6d0a620aae      0     59     59
8bdd0fe214e126009a3cb8aade14ca34      0     64     64
8bed68084f93962167fc5ee1e25ece68      0     65     65
8c249ee9c10875473f73aeb2dcc82354      0     59     59
8c357d441f47847519fbdd855ed32fe1      0     59     59
8c4f50a37ec9ca390fbce289336c5ada      0     59     59
8c78ee78aaf9397092137902f4c099a8      0     59     59
8c85429445d8b6695c6def9976fea652      0     66     66
8cd2161e640c23663a0c755368328fcb      0     59     59
8cdd2a55117aa544f88706b7f17b1f76      0     64     64
8d4c1e56b2310af28ca4c8fcb1ab4695      0     66     66
8d658ef977d4ee7b4fac131a7ebf1be8      0     67     67
8d904c6fc26849cd37e4d49ed6e3ac95      0     59     59
8d95cb506b85ab0076f935587a1a5f78      0     67     67
8dec56779eff93d11be55b15c65e384a      0     67     67
8df0ed169b24dd819f5a78ee05be3f45      0     65     65
8e4bf8d7142068c0baf9ae40a6c07946      0     65     65
8ea6938db5c695b5b5537b951b1d001c      0     62     62
8eb670c7ddb2a87c268d45587f719239      0     59     59
8ebf859484a1ed317178245551483212      0     59     59
8ed94ef32ec32870bcfe6b94eaca2d83      0     67     67
8f52c0c5c3af3142d9c87d50101ca6e2      0     64     64
8f9112472a268d6d9500b13039fb083f      0     59     59
8fade369fcf19b5c270c10208b4e00e5      0     59     59
8fddc0ecd8297811ffc796bf9afb0e23      0     66     66
8fe6bcf2f51c4862feb1db45ba4878b2      0     59     59
8ffa3fbd6c12247d0c523782850b5cdb      0     59     59
9000245cb7561c0406aebaf5b6402edc      0     59     59
90020df4296f97a2ecc1a6b16abf0e32      0     59     59
900427472ebb03d8bb09821e488ae41b      0     64     64
9041e2aaff547b0e65327a67c694d5f8      0     66     66
9060942df22e5d5fa963cffac85d1a2e      0     70     70
90849af91b75b69b8d1543cb691139f0      0     59     59
90b15f2c6c91a3d6abf9d6f8411643a4      0     59     59
90c05753974301d4cf9e76bc19c45ef7      0     66     66
90cd19a505ec327cd6b55b6d7af85bf6      0     64     64
9107b346e04645d607620626a1596914      0     68     68
911c1c607fcf8415f7fff3cf90dfe4bb      0     67     67
914c791531048c6da9db364e260aeb54      0     59     59
9159c010e6b1d5a3662cbbaafe1c6d45      0     59     59
9169099ca4d74e25893cb4a06f99c42a      0     59     59
916a5923bbee476bbadf0926ea1cfa57      0     65     65
921238e22c632af65847295550c45f40      0     61     61
921a55580a231daab561f5f30ad5f0b1      0     59     59
921ba392d3da93b9256eeaf0977abd0c      0     59     59
9271cda8bac89849e4388857547eea4b      0     67     67
928199cfe3d7c30a9fe273bc4595762c      0     67     67
9339119da7c537fcd6963ed36eb135d4      0     64     64
935989a27afaac9e7991256f1ecd192b      0     64     64
937624d1d0bce2143f0e2e3fea5f6ff1      0     64     64
93abde1ceb5b1d95691cdec40319e158      0     66     66
93ba13c3060a677cd3bf456f1b952ff9      0     65     65
93dfa34d7704dd40cdd6232ca055641d      0     65     65
9472688bd6ccaec13490337353224b7f      0     59     59
947b8d12dc4d36b39f55c656828d5338      0     59     59
9491f1ebff9e1f22834b6b7e9b500406      0     59     59
949ae12465f429a2298aa1227f8942f6      0     59     59
94bbad7e4c3b8137284c29f3119198ec      0     64     64
94f30f121f84a8164b5189b7b3607923      0     59     59
950b4358a56c87d10c905f7c8fe58dcf      0     66     66
950b7c7d5ef03523dec61d8c9d2e249f      0     59     59
9521c95c92b2eb5dce83943a04b69710      0     64     64
9563543835f397083d22c065d6c0c3ce      0     65     65
958402a89535b24b8608452931b2c433      0     65     65
959da2cb44b3995257afc4e7f7e9d59f      0     65     65
96130863c5d6916c4f8d8b304deb5155      0     59     59
9620c5883a27172a1557e628b7392d91      0     59     59
9637f4a532f70183a906ab842729113a      0     59     59
965dd2b2d6632c71278ed4e1ed594096      0     65     65
96b8351e02ebc27fbf47de2b029f04e0      0     59     59
96bdca69312a829ba37fe4d615648096      0     64     64
96e4300958610aaf062b56ae11ca99a0      0     64     64
971773c0829fcb62d71c69f6e59903c5      0     65     65
9754991c3a6f4ea2d70ece71d37b623b      0     65     65
97c1885ad618d3a149e5b9bc467dc909      0     67     67
97ca1b4ee656e99dd3cf9ec4cdcc0cf9      0     59     59
97dacef8599893ed2cac6e44398ec2d4      0     59     59
98125aad10240366f6b8bdc394ae60fb      0     67     67
988bcacae342ed778f1837ea9a37213d      0     65     65
98bd998d1a220c28f1ceb8b86459861d      0     61     61
98c1810060910416d528502f1d509796      0     66     66
98c1a429fe9f9c3c041c706476c10a5a      0     59     59
98d20b63195c638ca1903790531cde19      0     59     59
98d21afccfc934bb485396fcd7c7b429      0     80     80
990f33a7e069852310be4b3112977fa1      0     64     64
994f4ea090f8e5667eb9fd06edc2ca4d      0     69     69
998787e96af78262d8cee3ef396fefaf      0     69     69
999cb5672df9b78728fa3748a46ab224      0     65     65
9a0280c9e7ab0ec82b95ad951c9c1149      0     66     66
9a03ca34e019ae6f2266b95e500ccf96      0     59     59
9a194bb2427041021d960fad579637ed      0     59     59
9a323e2fa5a9cab9e680654089c2a822      0     67     67
9a46b26298bdc26fe866b939f58848e0      0     59     59
9af694351ebd937d92872d9fa6058a52      0     65     65
9b06a4f90de06a8db0eb390649ab2537      0     64     64
9b75bcdcf8caa22765580da06448cc07      0     59     59
9b9cc78aaca6ec39f7fe06b70ce6bc46      0     65     65
9be863bae576b42b5ae3a769859a35c0      0     59     59
9bf956ab9560e79f363d8ac94db4bac6      0     59     59
9c03e58ace2e96cc27b3e6aec0b3a408      0     67     67
9c4e005fd13ea443c72e12ddf5980f6a      0     59     59
9c552acfff6e4d8f0f4ce798c53b32a7      0     66     66
9c8181a9ff99b88a60fb6284f87800f4      0     64     64
9c9ced08d0d24d573a81d293d4f00f81      0     65     65
9ca942d0a78610cd8997144be9464b27      0     65     65
9cc3c9885242d0ab0a0fccb04e87316e      0     67     67
9ce34befd7fee4eb3b73007a4a439999      0     59     59
9ce4c57471c2341aa4f97df682b8de08      0     64     64
9cf5eb541977f7083f34d44f1df4defe      0     65     65
9d408188e9ca9b01fb29b27814023536      0     64     64
9d56cc9761f515e6e789629185e308d8      0     67     67
9d7d8f5ec87c7c89fd048d7fc831cb5f      0     59     59
9d8cc8d3bc8ea9abbf6ea56817459105      0     64     64
9db092f433912d3141fdefdd8721861c      0     65     65
9db80c5c06ab5f67e04fefacf6d20c18      0     59     59
9e5d9a7c5de9f52a5f4abfc35b46101b      0     64     64
9e7c6e77a04ffce0853c492c71e4b2ff      0     65     65
9e8011d2c2d289a7a3d7bc0637eacb5b      0     64     64
9e9ddaa372b65353033907ebefe9846e      0     59     59
9ec3694860724a0df6db9a0e6e4cce0b      0     64     64
9ed020dead58443c427d5e1ab84653a7      0     64     64
9ee078a5df243f9958c577354804a9dc      0     59     59
9f13d1df60de069e610672ac0ad76b98      0    133    134
9f20c3b7b38325c7b2bb23164b7feb25      0     59     59
9f651e76c28c76c241c57f4d5f8f82ba      0     59     59
a07ff045874f7da14552b4d8d71a9ee9      0     59     59
a103a901c2f91a140e96563e0a6d57ef      0     65     65
a1645a42a58dfcc2a66089d64075b2be      0     59     59
a1e562a5f52573fce960385231cc722b      0     59     59
a215e26bcc2020a2f0a01f19b1de9deb      0     65     65
a22031cf73b9e1eb1a3303871b8fdc30      0     59     59
a26c32a8da47aa24a6b603c69bcf3eb1      0     66     66
a31e513b4a2e6a89b51120c52a5c5cdb      0     64     64
a34b33b3fe20d233e84aff3026baf689      0     65     65
a39b76c8366b829ec8dc48be6ca37761      0     66     66
a3cb2c23d44f60404d6c454b37bfa944      0     59     59
a3d23f9238a6410769519c85074a6e0f      0     66     66
a45c32c890539aa50bf284ebc06ac0a8      0     59     59
a45d1bb870412caa93886cfe34cffe49      0     59     59
a4b643c4883e4a4f049d56b52793791b      0     59     59
a4ca3257d6b550656c4a0f909d549a31      0     65     65
a4ca80e95c2b49522890b7c80f399e6a      0     65     65
a4cf9b66e663aa70e8bb76df774bd23a      0     64     64
a54f054b6b3a9cd566bc431b50446bdc      0     59     59
a55598dd82e1d1577c4da0892d7690e6      0     64     64
a578a1b7059a7205920d8c258ff336db      0     59     59
a58fbbbcd6f10b5123c5b94f72274724      0     59     59
a5a2d02e9c460731d8ea40b3c746c088      0     65     65
a600a57f5c492e5d4590c45e02e042fd      0     64     64
a640a8ef077d70ab4fe8ce201a2aa8bc      0     59     59
a64b002ca578ef55c147cb39a161d193      0     64     64
a65c9c6f67fcaacd2ee718e667483116      0     62     62
a679d985b3068620e8f610b1cf39a459      0     59     59
a683ff32261eb5bada3a094241e45418      0     59     59
a68d9a186819957195b88d63eb3650d7      0     59     59
a69320383a5aee396b4bfb3527a02c57      0     66     66
a6b70bec57f0beb20b238b358f00db1e      0     67     67
a6c019dd312d2b80ca7cb2413b4393f2      0     64     64
a6d4124bd23b42c4603e5c839bc1120d      0     63     63
a6daf9e6b713ecc8536168bb58c19a39      0     76     76
a6faecb7201e35dc828fd5c268ba0c46      0     59     59
a6fba4037450235595fd69e41dfab146      0     59     59
a78509da5a1a30328a91648301a77f2e      0     64     64
a7b58f877573a4bb5dc21d0ae6cfab40      0     64     64
a80bdfb6d147583d97eb34c53134b644      0     59     59
a81b1d426a92346f03a1797fccd14397      0     74     74
a85ade7dfba8f0ae7a2e71bd420e79c9      0     59     59
a86060635a2189664206d52f94a7894b      0     59     59
a86a593e6398f4604d77d3e244612a4a      0     59     59
a86c05998532667d91de11f093f0b027      0     64     64
a8718666061ea15af1f84560a877edc4      0     61     61
a8a2f5836b186b72b5ee32f2637c46ad      0     59     59
a8aba8e28b8d0c13805e6955509ce63f      0     64     64
a8c03223e2f55f6ee77a036eb038d915      0     64     64
a8cdc617721c496fc90caec1bd377c50      0     65     65
a991a90c3b0f21ceccb601fdc2ed24ec      0     65     65
a9ca8cf142de9279a5c9f4dfd2068dff      0     63     63
a9cd8592b6b9bdf7fc54e822485dc18a      0     59     59
aa5030828710602c95f6d0bc881f3a4b      0     59     59
aa5edbc3a6611469595f103f0a308b3f      0     63     63
aa6336b80a281ac656d534a50d328ac6      0     59     59
aa6f52d374e7da94adc4a3511ea4591c      0     67     67
aae7c46134c8cd68a955e9c16ccbaee3      0     63     63
ab9eaf2007be5ce503a88d5b850488c9      0     62     62
abe0909788174d399e0b575ba0e28cbc      0     59     59
ac15bcd40204171ce1ed30a2c37f1d0f      0     59     59
ac8b3d3a4d7b0e6ec6bbeb2560f19828      0     59     59
ac947cc91736f6edd81bc7d9b36f307a      0     59     59
aca88fbf55f5562059489ad3883448bf      0     59     59
ad250fb95a13b68843bba0f289bd0055      0     64     64
ad29076293d97fda4b403e2491b44ed4      0     65     65
ad3a7c52a17790e66178dfb9df2672b8      0     59     59
ad517b40e3c8a6470059493a29c29831      0     67     67
ade554b92f2b936f768a83394cba6c1c      0     59     59
aef7e1069a4b70c288d7b536c447f7af      0     66     66
af2ad2b7b3ad0cf9fc6402523bf3f942      0     66     66
af2f28d7e77568b9298f36c3e511b61c      0     59     59
af6bf00dfea6c49b28e6e19f99e625c1      0     59     59
af793810d174658241bd261ceb8ba127      0     66     66
af80901aba58b5bb37464fcb0173f207      0     64     64
afa8e975270672d34b5fdb61d5d318f9      0     65     65
afe6b5034382b3845259d2360da014b5      0     59     59
afef0a3ed2ab35ff111b4b927196a4b4      0     59     59
aff2c0ca673841e2316ff897e9cfce93      0     59     59
b01b95e5cf80717df1ad8282371df906      0     59     59
b02606cac57a3dc4720af17584c66fea      0     59     59
b04926be5f19888e702d60b5c8f352c6      0     59     59
b14b448729933265c45658da497948b5      0     59     59
b1bbebd8fa731b33a84a5da502d501e2      0     59     59
b20368006f1466e87fff9c763fea573f      0     65     65
b26fa9fc107014c7ecbe366db44f053f      0     59     59
b28f253d314b2f1d5d57bc042a2ab90a      0     64     64
b2b1bddf3ed69c6f10cdb4a615a4c531      0     59     59
b2b1e20271959967a18fbd5b97882553      0     59     59
b2b2ca15f1c5be295a66fa552e664f1f      0     64     64
b306c404b90c71b7aa7cb531b0aef543      0     59     59
b3315b8573c6d28bc6a5a1be60602307      0     59     59
b3364944275d9f14e3d78e45ec6703f8      0     59     59
b33b299489ce88d8639e2482d7a659b0      0     59     59
b3bb83085084ac7bd5843f0bcf61e804      0     59     59
b3d6440748bdfc27aaf49363806de662      0     59     59
b43c078296c2804e58ab796c42054953      0     64     64
b4495ada39dbcf138940e33a5042c34f      0     66     66
b47d37c21d349a580912fe7e7451df20      0     67     67
b4bc95709da4a23a96a012d028d89e18      0     59     59
b4dd6a1b14a232b3d0b280aafc87ce63      0     59     59
b511b772db2cd5bf9ffc6185dc3ff676      0     66     66
b51f40bddab5ef7549a3cda651250acf      0     65     65
b58e70c5153681896061a873220ca370      0     69     69
b5ef15fa1210b5ec15990aa0af4c8d98      0     59     59
b61b997c0731fff18d99cd71e944d560      0     59     59
b63e8c72b9ce42e40c53bc75d92ce20d      0     59     59
b65dd36ef7499762ecf83eec4bed7a15      0     64     64
b68bb2c73074f702f5b815b7730bea7e      0     64     64
b68dc12e0992929b25ec03e6e0e86ca3      0     59     59
b6a7169f89995a297e3343f7a9d9eec1      0     64     64
b6b9701e2b26fec5653bcdc854036944      0     66     66
b75e544a0b7acf78d8901e9b57a19b35      0    116    117
b7ac18a0018422d04ce0beabe4d46c5b      0     59     59
b7e2c5c94463376373a594671ee931ef      0     59     59
b7f4ab3375f7f0d9dcfa4d4b7f0c4d82      0     59     59
b80c0ba3e65ecba44aeed4a4ae5f3907      0     59     59
b80e7228d141902f02429776fe1da3b8      0     59     59
b811aafc55def0bec55d35f5949c3d04      0     67     67
b82b49674d1c9c584dd807d4f23097ac      0     59     59
b8d2a5c41ab3493e5850d4c4b82ae808      0     65     65
b913afe2df18f6d98e24569a7e709842      0     59     59
b9294a2d71965bbc3f97e78b93b28602      0     64     64
b942a7aa6a4cc204db5b2dec28866c6a      0     65     65
b959793d5d745e164deaf301817f71e5      0     64     64
b988d2c62512c9bea6327747a27d15a8      0     64     64
b98c13342cd86fb6247f2355263ecbd4      0     59     59
b99ef8c9ce6d744ca54c80c1813f3e79      0     66     66
ba0e6180a7bb8cefe153a443fa58cbaf      0     59     59
ba1234edc292a1563e2474e69fedf245      0     65     65
ba86763ad01887e39a5fa2f0ab455846      0     59     59
bac15a125f76acd696384ebfa4acf048      0     59     59
baf6dc31bc97f3ea700320718898401f      0     59     59
baf99e90e71a6199f726f0cec1a9425e      0     66     66
bb16c54cca867e0deffd66f7dbe94cf2      0     66     66
bb253e8f23c7827f5aa726e679370d40      0     59     59
bb341409d9c221e8a2d775569ed9020c      0     59     59
bb89b864a7a245d2c97819f56eab0384      0     65     65
bbca830c553a75a898f59c262761165f      0     59     59
bc0984f0197384dec18a0ac251edc57c      0     65     65
bc43a47b3478f0ca20e128f9696f035f      0     64     64
bc452cbd4d566ea3c9b3345858260fba      0     59     59
bc88cc146f40065a82a64eb7c1abebb4      0    119    120
bc9bfe5aee529875e18c10b273d88818      0     67     67
bd4aa00a0751d060c760c3f91e339f74      0     64     64
bd5293890b8c2cd7712b7642ca8d72f2      0     59     59
bd70d89178634ef979e58efbc741a2d0      0     59     59
bd8534c9ac88519bfa60ac0be36c6489      0     65     65
bdaecba505fc78e0bf97e531cd7b7cd9      0     65     65
bdbcf24d46dc2c607f69851d397c5c74      0     59     59
bdbf03f10593d0b337504fecdbb3bcac      0     65     65
bdf4c6880b4040b752cb9f755557280b      0     65     65
be51a1aabd45596f5fd53fecd96dc16f      0     68     68
be5b9bdcc36a8f692bf8b2aa996341b3      0     59     59
bed6b1520ad0d26753b69efc129b9c1c      0     67     67
bed76b24eaf1c1d93e5912be5ea1f0a4      0     64     64
bedbcde0799a94daac29e1db98e6f7b9      0     59     59
bee6398e1e71b7b7d316dcd94a85ca6b      0     59     59
befa4a84b0ec66db3f7eaf16faa829de      0     59     59
bf400e6f776dbab3f8bc9137900f2965      0     64     64
bf5aa3267ffa59f543a53b3096d494b2      0     59     59
bf9ed272f340d6b9982a84e68aaadbc3      0     66     66
bfccf8c3c74a00201d081893007203b4      0     59     59
bfe0d3a46ea80e6b7a0c1fccc92ed921      0     66     66
c07a83c6014142afa09518465d320f63      0     64     64
c0d81781babc9a56df9fe9b9e6e96a93      0     59     59
c11ccc1107a6e124c402af904095a808      0     67     67
c1ffb49ebf00a060dad40d9682d3767e      0     59     59
c288749d044aac75500133ee3d3d4cca      0     65     65
c2d5d65c24ec0708bacf9ca77a810b20      0     65     65
c33f1b3285d18c10025ce57f217fb4ef      0     65     65
c350c0a1396501f1d9ec05baf75a6cb3      0     66     66
c3c786bb247a4146bfb1e91bd223fdbe      0     64     64
c4425dc92df70b659ac7712b775dbead      0     59     59
c458811cec4441dd69625b6552cd0405      0     67     67
c53bad65d1855384efa8d09f2c957c02      0     67     67
c59b366780fdaaf64ed147d12821bff8      0     65     65
c5c92d6ecc0ee43dba405c986cef91be      0     59     59
c5efc495c4d8c8c332dc102ebfe3a6ae      0     59     59
c640807172077cbb8fc0a5f7bfd1f924      0     59     59
c6a622f9190910cbdf8e182f91f83c2f      0     65     65
c6bbc07625b38b41da55dbf30234062d      0     64     64
c6e08f1e8097848a5aff4cb21f799352      0     59     59
c6e35b1c59827c221a097fdbd1df4096      0     65     65
c7255c29a042e5cb86816f0cdd298a85      0    113    112
c779ab1c2bf99ce6416b67904ad18c35      0     65     65
c7a713271ccb5aecf5e6b55efc756bdd      0     59     59
c7a75007db2b08edcaa6eebc7960cb86      0     59     59
c7c42f4e2c326535a4c2eebbde9bd02e      0     59     59
c7d4a75704260c9e8333c61a9c3314aa      0     67     67
c8150717c9c4272a6e24f031450837b7      0     67     67
c823d771e9b7ccf7d83f7038006fc790      0     59     59
c833fa36001f7a7b13078f5567595861      0     59     59
c890a4bda977b5673ab57d6c59cc8464      0     59     59
c8958df6de83eb32164924f79932ee75      0     65     65
c8f79aaceec1bd9e93adff7be6141929      0     65     65
c927598702d5c3578ec9945b0473fefb      0     64     64
c97e153cf97e0832d0fc9fa088374389      0     59     59
c9b8a21c4a0e224ec0fe8845a59fc710      0     65     65
c9cb367b69ad19d1c1a3ab063bcf759c      0     64     64
ca3cfc51247b91c185300be4a4ed4def      0     64     64
ca8d5fefdff22e4b3bff7d25394bf97e      0     65     65
ca9cdea0b8b01cafa65b8bcbb45e7843      0     59     59
ca9d70d7a089a77f0dfe3246930d5e8a      0     64     64
ca9f46866c583df0d789d1cfcf9f2de6      0     59     59
cab636c8736623068a4476f9eb13c418      0     84     84
cb3442694af3ba2fb95d2b17a1b0397b      0     63     63
cb3a4facc80de1f09cf2311bd23ea4da      0     59     59
cbf7c50b0cac2517edd45e29525eaf26      0     59     59
cc4079f26ddd4a9a13a4a44e5f7ced70      0     59     59
cc44e59065d6e7560cbfd21d934820d6      0     59     59
ccab4aab05e5a4a3b35b7ff102da3d11      0     66     66
cce06c474cb7acdfecd33356d0b83f85      0     65     65
cd67b9b85cb3ba378458f146938d9f13      0     65     65
cd8ecb37727abd00dca9032a1b639632      0     59     59
cd9e7c593dd19ae3ed0d2330620ad3df      0     62     62
cdace55ae01afcf934832ac242477b52      0     59     59
cdff95ff870036ad702dfd083effb4a1      0     67     67
ce3422333e4cfb85a7645b0bed2f606a      0     64     64
ce3dab643957b489fdbc7c3046927392      0     67     67
ce3fdaa8f375ff86be4d97077ca5e3b9      0     59     59
ce7454bb942fff43c5ebea84e0ceb013      0     64     64
ce8cbe47a6e6cfe335ed334f48dc27e9      0     66     66
cecaadb95bfe2a16aca8db8d7aa418a0      0     68     68
cefe3333f059d321b323ec9c8db10e5d      0     67     67
cf038d192cba3e94a2865247d4047b7e      0    189    187
cf20a6a75f89488b9bb283eb63c71232      0    127    128
cf5480461b72cd7cf7e349e5874efdb1      0      5      5
cf61093516f018eb34bde39c6aebdc03      0     59     59
cf65547cca3fafb51e40010f650e97b3      0     59     59
cfecc9b1d2b953c91ffd77f3d32bdf19      0     59     59
cfedc1dae60050a9fc368bed9a7da804      0     65     65
d009ca52beb2490731dd15cfb2e7c6ad      0     67     67
d0107b9f2b1bc2c8b4b681e9a85ec4d9      0     66     66
d03127ef72fa2cc68dfddc047d5d4dc8      0     65     65
d0625c712378218cd2321ca8781e5f5b      0     65     65
d07779d473ca506885bb67d1f11a0c3c      0     64     64
d0c673afe07281ec83fdfc631fe69d0c      0     63     63
d1a9ad94ff7262bb0936d56f10a0418b      0     87     88
d1b0fdf090c09cee95a1a7ae43258d41      0     64     64
d1c6197500344d55c0c68729c90ad236      0     59     59
d1dcf1f44f7e0b1a69313c91da7917fd      0     62     62
d2192d514348b0466cbb722c0a491db0      0     68     68
d220d8995b9e42c3b3f895cad26987cf      0     59     59
d2744ac7579efefd5177951495a168fb      0     59     59
d307a84aee5a52f225d4d60937f74a09      0     65     65
d3bf42df2cf92eba5bd0c3d5135d3769      0    178    176
d43da90fc3f158a6c235604afabe49d7      0     65     65
d4942a347f9e71297cad81986fdf076f      0     59     59
d4992f4d2a36d4a9e296c68dcc91d240      0    104    104
d4a549d11893152e1642972caa725272      0     65     65
d4b8d35702b2ec66b7d7e0af7e395fb5      0     59     59
d4bea6cee136d92404d2e54b20b2b3f4      0     63     63
d4dff68cab3e4ef2a98165e48b1df033      0     59     59
d4e2cdb0011b7280c84543e5b2fe4205      0     66     66
d4e9192d01c3fa0d4ac8d85dbe7589d6      0     65     65
d51a8b18ccbdc22279f1bd5b999b3346      0     59     59
d58fb122df22812832d5748857252673      0    168    167
d5b44415eb31305fea5f01d81545e830      0     73     73
d5fd15d656f4eabff866e8ac030b48fe      0     65     65
d605d5cc1d6cf12f7bd524c78989e0aa      0     65     65
d614c196b0545a05f35b8276b1d78b2d      0     59     59
d627aeba05b52e7734531326f1f9eb93      0     64     64
d627dee29ab33266126a516a1b24e807      0     59     59
d62c83f7ba615375806df5dbb264df5d      0    114    113
d652300c2e03643f1b778dc82a418b04      0     64     64
d6ecfaaf4ec6778c6c97703a182d8445      0     63     63
d6ed5f927385035fb97e4c3f000bee0f      0     66     66
d7bb1fcff49f2e61257cb2860eff2e6b      0     65     65
d7f4a4650ffcbbf9f799e14d0e2d0cd7      0     64     64
d8293f71bf63d309f9b5eccf3b504f44      0     65     65
d83cf3131194ca9b2bd5afe8fdb1e9af      0     67     67
d83e927ba789471f0da748cb3bd26489      0     61     61
d871f3d9f46ee0db27ee4d8040e64eb5      0     65     65
d8a6c5b37fabbe4f7865468ad61458db      0     59     59
d8c709bd8d6886c2f3121bb8e8f192b4      0     66     66
d8d73ac06fcab1864ac11d59a6190160      0     59     59
d923a40ac21f3d5c91c3f1107e007f50      0     64     64
d945d09804f3a50d7da2a2fd0d98aa6e      0     59     59
d96d357e03787c5f80103bbebc769bae      0     64     64
d9a4514b810538d325e22edaf5d90d56      0     65     65
d9a7dbcaa23696affadc98b62a26d23f      0     65     65
d9e03168a17c63efb247940c6180a7cd      0     66     66
da6c9e3ab74c8a3afb7cae64a9fc57fc      0     68     68
da9563b42ebb794363fa237a64ff81d2      0     64     64
db1e2809c34524a305effa0083931896      0     64     64
db538ff073b41bdee671927dd365cda9      0     65     65
db5ed32fc03575bf394070c89761e2fb      0     59     59
db9503133437f07d082c766750f92422      0     64     64
dbd0853a14f39fb8d1eeb44b438af60f      0     59     59
dbd9daac54957dee4be0ed815d9de69c      0     59     59
dc276b678640bf1b7f1f5d6fe35aa682      0     59     59
dc9971c98833bc63f9409851e0f5ec17      0     59     59
dcbfb49d3676a9786908b1edf8abe82c      0     67     67
dcfbdbcab51b0e3604964e7fa07b8733      0     67     67
dd14a2c57c5853db97156de17cc1614d      0     59     59
dd5b8440ce46d6d6c2bf6223fdaa1a94      0     59     59
dda38b950e470c00b7f3334bd816c9ca      0     66     66
dda61243ca76273ffd829096fcadeaec      0     65     65
ddacad5a7bfbcd3125a9f8f2d50ec991      0     59     59
ddec0e4a7cb3fbb6f8355b21dc29a72c      0     65     65
de6570f548b1178793a0c9e7eb8d0acd      0     66     66
de68a7930b9fc245761f26a145e83342      0     67     67
de94897ae2e90b470542a7cf322d3063      0     65     65
deb4c3a57158f65873a5a895501a8aec      0     59     59
dee6fc6b54784b09662afb5612bf8dbf      0     59     59
df5e4d6dec258b544a203423b8c19602      0     65     65
dfe5d471ea030538121579380c7fd72e      0     65     65
dfea40c71bfb4cf0fd63b8ee4a67e332      0     59     59
dff7e2c7e43cf41a93b5e1bd14ae3c76      0     59     59
e01f01c4e8a190d4da35f048d0d44142      0     59     59
e0468e2ec1a1898cae408db5c042e6bf      0     59     59
e0500c6e078d87d8f764861d3141e710      0     67     67
e109998313013f27afa06522f2e6a91b      0     64     64
e168363e8d7a865fce4833ef668fdadb      0     65     65
e16b70200161fece231910839ba223f0      0     66     66
e17daa77832a0c2f7601bb86b1901e69      0     59     59
e1d806fd879ae2e649bcb859d3d76a14      0     61     61
e1df57270614fdff35121b62ed5d295b      0     59     59
e28aa42b13d5fbe96cc01f48f59ffa10      0     62     62
e29222c660fd063ef932269f4a484be0      0     67     67
e2b450ed6ee152e6656c41f49d19a76a      0     61     61
e2ef040e5513776aa2654de8c6f1dbb1      0     59     59
e2ef32c42eb98606d80f4afae634ca34      0     65     65
e31bbf765fb21b4678f27b1b529baea5      0     63     63
e326a1b92ca9b5c3d330bce3cea7ef2b      0     65     65
e32d5fd3501e6dab6d34a43a87b72fa1      0     69     69
e33e1509fde31442396aeb24bc85ffee      0     65     65
e348447b8da60f1690df7dfcfcdaf554      0     66     66
e398467a8a975f06c00e085e38df087c      0     65     65
e3c511f6286d3895f39ac9aabe6e9846      0     71     71
e3e0e99e932d8f0b20d9bc21f49f62d7      0     64     64
e49dd295f0120acd52b42cd3b4bcc2a3      0     64     64
e4d578f1affba4eca6e2407c96d393b8      0     59     59
e4db3facdf2ed558d3f1f8996dfd69fa      0     66     66
e50bd32b136476e738292d9007f19cf1      0     59     59
e54d96b77b2383496aaa260c5756e344      0     59     59
e570b79e36b9e79f722888a7481672f2      0     64     64
e58b56c0612b1fb8ae56e88b31448472      0     59     59
e58d7733e16001c307b2c1d634d90ceb      0     64     64
e5ace8a9d75ff9c0b39fc270248c9e58      0     63     63
e5db8dcef72d6689161f8020e2b97668      0     64     64
e648ed8f4715965265f39fbe10811b53      0     59     59
e6b48bb7e01e799aa7d1b07f10de2714      0     66     66
e6bd6e00e071ceff25581bcfa479fa3d      0     65     65
e6d0044e898b20b661ed2b45c772284f      0     66     66
e7190a91900b135562dc4fb68e6d0a38      0     65     65
e71ce189d35aef7fcc0e99de37afef4c      0     65     65
e74b3f7805fd210c2310d7153eb00a81      0     66     66
e7752ddcc0645fa91ad3915f10897f95      0     66     66
e7ea67eac2e7eeb11708a3cc11aecb82      0     65     65
e80225c04adcbec8cb18fad5ff6cc8c9      0     59     59
e83f7c777bccb48ed5d020ae40fb4ff3      0     59     59
e8c663cb544a4c4ce6a4dbd86e7bd396      0     65     65
e9004e5b4414b9e4d3dc1556bd083b9d      0     64     64
e90b82e4967d9a3661ac30c89d957e0b      0     59     59
e92215eb73e099bf3cd5d6c297b1d24b      0     64     64
e93ed32945fb9ba51679b4c619f6a524      0     59     59
e9469204bb27119acc1be9a8e2772aec      0     65     65
e953710233fc7a3818832b98f3777192      0     68     68
e9537d75696c99184bed36d47681b844      0     59     59
e9abb0bf6536053405d8181d661c820b      0     65     65
e9d3df2add93d0692a5577f1127ee63a      0     59     59
ea06e007fc3ae35af13ddd543d2394b5      0     67     67
ea6474f542ec94409a164373b47374c7      0     65     65
ea811a13ab864ca19dcb3c7f120f5d05      0     63     63
ea8877358ae1019750a16a7f8b303707      0     64     64
ea99bf2dc2d338061e236452f3a4ecc7      0     74     74
eb0b3d35a3fdcb41e964235cc79ecbeb      0     64     64
eb12629db2ae7a1d84e86e8c7b08d2c0      0     65     65
eb8a1ca56f3b09d43862edf0c1be8cb8      0     64     64
eb979c77f72239cf603d512a275c7e08      0     59     59
ebd7777f4c85f3f60107cd876e367035      0     59     59
ebe4de7f86a761d1beaaa579edfa89fe      0     59     59
ec0e22c4dcf78fd3c66d9cad5a835f58      0     59     59
ec1764856523785091c4f47f5d7ddaaa      0     66     66
ec7ffecef9516ffd81367403e7bad1ab      0     66     66
ec9aa8b2d0fd30343b09435d692f9158      0     59     59
ed30a2f1af3995daef2ff028129b81c7      0     59     59
ed7084a7f8ab83798b851ac4ee7c8b7f      0     66     66
ed97ba19959c4beb9ee69403a8cdbe6a      0     63     63
ee1bbadf51ddbd56fd8013ab954bd144      0     64     64
ee8b2efd2d628428910c5f3eb09b3b51      0     66     66
eea4136b6dd5442e710bc9e9928a3b5e      0     65     65
eec985578995d22b6bb36d26a8e1e18f      0     67     67
eeeb5ebaac70dd386f03a04536548460      0     59     59
ef0880a3be0f9507441ed3e525e6e647      0     67     67
ef5b9b18913a9eb11480edd70ccccdcb      0     65     65
ef87fb3efa8e6cdb3e264acad14915ee      0     65     65
efd5d051355783ee75533caf9e15a1c9      0     65     65
efe9462cc218eddbfc0fecfbda15a140      0     65     65
f02adabfac84da759a90836f710fc30c      0     64     64
f0305ea4f73ae58abf731066dc18994d      0     63     63
f08be42a5b5e3e4aa2911fcd39b497c5      0     64     64
f0ad6ba3e860e7cb47cc59b9847c1984      0     66     66
f0b1321dcf7891d61daacd011d529869      0     62     62
f0c89495991358a7df843e5a1fdfe062      0     59     59
f0d9dee35783768f4d12b03411fdc9db      0     59     59
f0fa1a890da50a6a3ea8a64047d310d5      0     59     59
f10f4ba19e148235054a2076fc8714e7      0     59     59
f15d450ce8bb506d81384cc580dd3d3b      0     59     59
f15e3d2559aac958a9edf5fe624855c0      0     64     64
f18003155071492d216deb5204038e43      0     66     66
f1cdac22eb7c33cbb395d00105a1cf90      0     59     59
f24285d275615d8b296753e377f1b8fe      0     59     59
f25dfc6008f9c1915f62b51bbe611031      0     59     59
f2b50fcfd4959c03bee47679bb779487      0     63     63
f2cd980d922e323bf9efc04355d635ac      0     65     65
f3858203cc989a264f6628efcb7ac24a      0     67     67
f39f7f1aa66164d166bd4ae32657aa0b      0     65     65
f3d682fbddfc08bc9a4ae0453c0f86f6      0     65     65
f3dfb9f9942a6c0bd6d9e8a2e7eeed63      0     66     66
f3eac64ea36fd006e474ec90b2818e22      0     59     59
f412236a0c84e1c712ef4a2fa52ba1c3      0     59     59
f43c77b8077ca1d68fe4a806f782a3bb      0     66     66
f47599e3abac4ae65c4054a2e6a4b70c      0     59     59
f4877f982ec871e6ff61bc8c0e8f80b5      0     59     59
f4a7a02fbb7cb7a3ff4a21dd98aa5e38      0     68     68
f4c8768e9f2e0f2269da24c2731ad6c8      0     59     59
f4df1d6e7a7f6b16e1c65356656be4a3      0     65     65
f4faf3937dab8ddc9d15bbd6b2131ce2      0     59     59
f50e51b0223e4f518fa804a02e559aa6      0     66     66
f510db89886b6c42096d6a37a63e046f      0     67     67
f5a98123b7aac2abb54c152d84fc358d      0     66     66
f5d392bb6ab28b7e5b6f06e40f2a8f0f      0    142    143
f64ef4fc4acf6598f6036319ba148c79      0     67     67
f653e1cdb41e53158885d59a683f01fd      0     65     65
f77ebfabd274ad57cba7b942b7d34943      0     59     59
f7847021caa6aa9db0e309dbbfe8d162      0     59     59
f796fd9f62ec7ec65685610c186062f8      0     59     59
f7a167ee7fecdd381049ba6b84a09e55      0     59     59
f7bcb270a04924b4d88c401b55e74e4b      0     65     65
f8497cf5e61da1a31925e53ae276297e      0     59     59
f8b734b8963b08a9629ed01ab423457d      0     59     59
f96df432aa22edf7079e95531fb3878c      0     59     59
f9b74a173a0b41908d7dbf2faab7edfd      0     59     59
fa137c0b004479d6b4c99719369112b2      0     59     59
fa2ab70f13fa1953b0779541eb73944f      0     64     64
fa4c3cf6549a4d73bc01f9d2b06f1446      0     65     65
fa97b22332497eb09ac2ddcef2efb826      0     64     64
faca2cd906a54104873546737c655c72      0     59     59
fb06edf958d3d4755255b5b1cfe2ad75      0     59     59
fb3a53a243dac06155ff44c158eb10f4      0     59     59
fb4cf40bb97a8b7be20c7fd38fbc17c6      0     67     67
fb906274eb078940060170b6827368b6      0     64     64
fbd2c1b812b0d96b13653fcbf2af8ae7      0     59     59
fbd3a419c2179b8701e6ecbf4024ece1      0     65     65
fc2db62ca7d221af77670c3bc7ed8025      0     59     59
fc875d124595d5ef5dd32a44ef10164a      0     66     66
fc95a300fdf8df5f7151458a284bfe76      0     59     59
fcdd08946295e5bd579945210ef55436      0     65     65
fce155a69262a6ce942da244d59669a6      0     65     65
fceb8339034e0cd610d9b90f79a2d4b6      0     64     64
fcf689479b25fdbf9a5567a6d22c47a4      0     65     65
fd0e44526cafe1dfdbe3f1cf735f5f0f      0     66     66
fd819ee0c0b1fb7e7f710d7957f4bb29      0     59     59
fd9affc6d4723ee5357656af55616d65      0     65     65
fdc8267dbd32694cc552992b58739426      0     65     65
fe040177800375ff00f953bd20170a66      0     66     66
fe70199805cd4ca54def37e46406c155      0     64     64
fedefee7432c1ea0e9b355dc668ca254      0     59     59
fedf51a66b7de9a4544577bb90bce922      0     59     59
ff3b39b2b7dc702e54819635501b6970      0     59     59
ff4ca061b9e3b997023af6f5b2486c64      0     66     66
ff77527849a95b285259633a251f2723      0     61     61
ff8fa7fc002019c1a0b1cbe83968f33e      0     59     59
ffaafecb2a4ce186c590e72382edf3eb      0     59     59
ffac4942be1a8ae1867d95df08701f69      0     64     64
022a2a5f02cb8d4cb573269a1b8184c3      1     58     59
027b84e89760a59942cafc0e8eb80267      1     66     68
02815c9866307f72420ed377f88d19fd      1    143    145
046c0622fc728a8172d41d7d6e29f427      1     58     59
055d5da7fdb7e6d733fbaf76a37a67ab      1     58     59
05907beef443c8f5d6e9932880a11fbe      1     58     59
0971e6e1355f91593d8845aafe021a37      1     64     65
0e0ee77b5804368790c6eb73c77b65be      1     58     59
0e616c5b7a063fbe9db9b02082f8f858      1    136    139
0f0a833100d2899ea7a7e23b94d02494      1     67     68
10175f933e464804be1394479b8f072c      1     62     63
10510c91feb6a4548eed8f6c0cad87cf      1     58     59
107ceee77262938a5a55b2ab6eead8e2      1     68     69
10f8a1f533ebaf38564dadc2b263f8bc      1     66     67
138c7c8cf699b4bc77f46fd1fd3d1a10      1     59     60
14764ffeae4536fb6b10d3ec29f10176      1    164    168
15485b297f5043c08a4fb68262a15a90      1     65     66
168ed84d94101da3a6d4e3db811d4b77      1     66     67
16b88c152e89dcb2f7b62c049e6dbd78      1     58     59
192d3017bc86c46735df8166270c652a      1     58     59
1ab74428b3c2064efe2ad93ad6d646d1      1     62     63
1eb6622f6351caf840e8d2dface4dd60      1     97     99
1f44580df9ce20496d30dc141d6d7ae6      1     80     81
203b83a0c5a32b54126b637432d46737      1    100    102
2390c058586bc4f9a792d062b3d5f9b8      1     58     59
24192ecf285c53611778b070a3fccf5c      1     58     59
241b3c8074f4748d29815ca4c60c12fc      1     65     66
24c234d5d3401daf30f977e2de8c29cb      1     62     63
25a41196757b35fdb8285a11d5369eab      1    143    145
2acad13940a2a34fd4f150e3067ee3eb      1     58     59
2d09c5f96eb0da0e9a5e38ce21ef7e6c      1     65     66
2ee534b76bbfb577aa391fb4dce4f0bf      1    102    104
3038415b4450f063fa683f10c60a2847      1     58     59
308369ce5920c092aa84b31654a5179e      1     64     66
318667c9d72b0ce27c884fa494eba6c6      1     64     65
3268128f90c315338d291b16acb2b098      1     64     65
33c01b73e212f1a767f9afde9f2b89d5      1     66     67
3551716904600dc7f9b4ce4da6a4fa19      1     65     66
3619ae36678f329d1ce0c5991ef151e9      1     58     59
37eb77fc5da48dbdb0d61a07bdb5cb66      1     58     59
398df3cab3dc90a1e5928c2e345338ec      1     66     68
3b750ff80145c9b5c90a5124f9e0be74      1     67     68
3c1a36e38a5cf60c72975957e44a4759      1     58     59
3d5e7a45a02f783299aae75a18bc5a4e      1     58     59
401345a4d2ecd271ecc4d58f878d8921      1     58     59
42eecf3325116ee828b0796e03818609      1     58     59
47539cf6fb8b37af5f74b92452a0e266      1     71     72
47af26539c7245738a14e67f828ead98      1     65     66
4cbd005cb1c75309bb84167fa597e21a      1     77     78
4d11eaedc269891aad2288477bbfbf96      1     59     60
4d31cff6309e0e3bf30b70ac744e2a82      1    140    142
4d3a746dbb3bcb0135bb5b5b14a6a8ad      1     62     63
501edb97c91d907fef682a39ea0ed4d9      1     58     59
50943c0f9f27cc143d460d7f43bf0310      1     64     65
50ba69dd0258451bfc8ffc068c8b276b      1     64     66
551422660e3f4bb523638ec8838d9fa4      1    145    147
55b5dc2887a0fdd9c556583f45a4694b      1     62     64
577c33444e5bf0b70f8e5549d358ead2      1     58     59
58b7b8c2ebda17eeb2cc00876ccf417b      1     67     68
5abfe25eb28b640db9309b53343b528c      1     58     59
5ae861773e1fd4222bae52d50558c025      1     66     67
5b531c65bc430ba4553d09b752630f33      1     65     66
5b589552e1ab3e3f951f2a3a29830169      1     65     66
5bd9ba6458ea02450ce7407fe167965b      1     59     60
5eca2b21ff7a670ea9ed698940cd8c61      1    103    105
5f0f1fb86c212fef8baade5e94cdf916      1     64     65
608f5a03206133db0500ad21b723dd0b      1     70     71
614f230a925c847a5b77ddaffdd54690      1     67     69
61bf00c17816825f391cfc8c3eb6b1f8      1    126    128
63a1fa40bc4304c870ed7593571e71a3      1     65     67
63f7f0363937df6d221a0de9ba185bb9      1     65     66
65e51e70469bea88de01229cd38944bb      1     62     63
6625e74e3e620d65888a5392c703533a      1     83     85
6830fd88cb6f2602581cc29c34e95e9f      1     58     59
6a4173e757285ffc038cba770c3c40a5      1     65     66
6ac33a9feeb66e34b225d329217146a5      1     58     59
6b6b6be2f1254f1df2bfa0385da810f6      1     65     66
6be9ed41a9fc3b8e866e4755edef45e3      1     62     63
6d6fad14f57a2b15d150594530204e4e      1     65     67
6db77360b2af4fc1bbd3f7a200433aab      1     58     59
6e1e43cbf32be9677ec59a7d0b42868d      1     65     67
6fb955d5efc4fef0a62eb835187cfc6b      1     58     59
7034e2baa86f93cac9b9a8cc210952ff      1     66     68
7116483b2cad904063fe635ac195231e      1     58     59
7141c3f1451808c763e8d7a9fe8b340d      1     64     65
71c7ddd4e5abee653c38c089590f4e47      1     62     63
726558cebe3ed64d418a90fbb174f1bf      1     58     59
7567504c4adb21a49403d89a414fa48d      1    104    106
757044cc6d8b875866be43b41637225e      1     67     68
780e639ca6ff0986c38c0a71b70aea24      1     66     67
7879f290d2c4f5d1cf5999565d473408      1     65     66
7ae02102956e04eef19b791cd4b6bf8a      1     65     66
7ba9775b8fbf08e5ec5b29bb8afc5bec      1     66     67
7bf6b6aef908aaef5ffbc85ec5fc3b4d      1     58     59
7ec9055f90a7410eccd99e19104998f0      1     58     59
7ef89784b7f40092dbcc8c6cd21abf18      1     64     66
821ae0fd97d09a9c9ed15f31ad1a61e5      1     65     66
829032b76e667503e4f0800edf11c5ad      1     58     59
839d144ac1d057b39e260ee282ce2381      1     65     66
847ab8279c0a486486c06779ae2b9d53      1     64     66
847c333f12ec4af3bf49faca046c305f      1     58     59
851ebc362c038aa15206b7d69312e649      1     65     66
85491d69d0ffb0e1ab5234fa955dd1c3      1     67     68
856d651eb92a3eec0002a5410c96c2e9      1     67     68
8703a529ed6f0e6054b556918a605a60      1     62     64
871a3832f102ba7eb762515e51f0013e      1     58     59
87571bf7a7b6abcd22bbf243ccc0ce34      1     62     63
87d90c05f6a637fbd7143e27ba43aca5      1     58     59
87e0d79f462da907bd8a1bebdf1faa8d      1    128    130
8a3fc35639564f21de41786de2489fe6      1     58     59
8b020aae98c6a253399c4311d261d54a      1     69     70
8d5741c726772b1c9ed8122097dfded5      1     63     65
8dc1b9a1d4b87d6183d01219c5d3b862      1     67     68
8df557f3160ef19ee4d344ba631e61bb      1    147    149
91670fd03ce59105ffefe27fbaaa00c3      1     58     59
922c7148613191381cff3678cbfa1195      1    137    139
9260ed3052a510a50e945f79c69479d0      1     58     59
9480606fca14331e7bb3169c7c0a6de0      1     66     67
956905fba039e1e9a7f6b46920bdd480      1     65     66
964666f55b2135d896533fee467a8048      1     58     59
97e0c09199c9e5a5dcb17b7f707c116f      1    164    169
98e8ba3e3979833f444b6487e2e98f9e      1     58     59
99a0d1e343090be369ba247834898d72      1     58     59
9b5ec9edcd1b7ed616c9bf6e7ad11f59      1     72     73
9bb8aa9c6c750b5f813e60c63e04b999      1     64     65
9c19d236b2e32911bda46e02a46407c9      1     64     65
9c46d9f5a09b3e48e1e9060111935024      1     58     59
9d8caded6fbc1f69b56635e603f3f2d5      1     58     59
9dcb41c33889f1393cbe5ed0089c4ad3      1     58     59
9e43ea83962046ebba41ca0c0cf9fc61      1     58     59
a4f8cb5ff6350efc8e0b83353c787cd7      1     65     67
a78e1abdfbbe7cb4c4a24ee233fb1790      1     62     63
a7cfb884da78fc5e9eceed0cf996e335      1     58     59
a9d048c0d7c7c745de830105f97d4340      1     61     62
abf58a4840f38b9da01c6c9b7bbf4373      1     67     68
adf3a72d1b8a588e5f1259cbdcb730c1      1     65     67
ae11b2400be163c65ad16b95bb40b710      1     59     60
ae8f6386053677f010d3e9811fa6ea89      1    163    165
aeedc1c5aedb1e1890cc55bf251c815d      1     64     65
b3dcb1f0c3e33a34109ab81b2f31ce8b      1     65     66
b4b329ba3c95c19ac88dd6cc2d9d19c4      1    210    213
b4e77a0e5a58d038f03de00e4b459ca8      1     65     67
b7f972729eaeb9ba9adfa74c920c02b0      1     61     62
b9d789e4cc26ab0b5b46bac00c7f9135      1     58     59
b9dab6a455dfcc323cb37c96a72617b3      1     65     66
ba7aa16289142b3754d1dd0e4c16802d      1     66     67
bdce350ffc77d6c7bca5f5ea209eae66      1     63     64
bf6a54a21369ee7bc6ffdd36ebfd706c      1     61     62
c07fc6712c34888830dd5afaa76a87be      1     58     59
c18b8eee1ab70f7b5a3813444b4b1b4e      1     61     62
c65d81cf974084c3ba2d158f2973d9a7      1     58     59
c6678051e99f0792a1416b9cc89f90e5      1     65     66
c9aa56c908d2dcb738f2a3a1d4263569      1     59     60
cc91a96aae263abb33bdcca3275f8371      1     67     68
ccdae40d0bdb0b1a26a715b1b06e18ca      1     58     59
cdc9c34af574f1783799365b4ae061b4      1     58     59
cf3e42bbbf50155d584913bc87d7f547      1     58     59
d0ef71ddc8686024a9f6aa9a8e2d13d0      1     67     68
d13e00ca2f0d30b6169abcd7b39e6f68      1     58     59
d1b26407779b2bccb57ead9dc92a848d      1     58     59
d41b076c426cf8f5d62a2158ba6e8869      1     66     67
d4a6665da4a78a6564c430c4119a9af5      1    106    108
d4bbfadb8e12ad12d34006e17c4bf2df      1     63     64
d5b20760ccdddbdbed3a62439f869343      1     65     66
d677fd1a293d849d8c7804455542840d      1     69     70
d6d54aff0d38c3912efec751f90ca8ed      1     61     62
d731ea48fc8d6e24da4e934cd51f7ba0      1     58     60
d833d42c077cb9d829bd6c7d7a826002      1    123    125
d84301a6d12a2667eda37d1ad925a1f7      1     91     93
d84c53b3d80f88483a69ef9cb256dc73      1     66     67
d8a8d94bce0f55a60c8b5e535f0445b8      1     58     59
da1e842b9e4e1aef8f957c8b07632b9b      1     67     68
da2a7279afa8c7242e055e785ff6fe77      1     58     59
dba8cc8878b24aea88dd15f3784b5331      1     58     59
dbd058d4e3d64414a73b771905525995      1     66     67
dd01049672ac985e9e2403d56852c1c8      1     68     69
de1f2246b5e38ca465263494b91584a6      1     66     68
de4b30b411c21eba272f2876bb93e5c4      1     58     59
e0308a2cb2a6f4f907ac72c64a21ac53      1     68     69
e146eeb9eeb76c2b9ddc6a75805b86a7      1    165    168
e2269b8403e784b42d5ce6621340e3cd      1     64     66
e2c18b07fd32cbc9f4b421b0bf9a811a      1     64     65
e6b2a5966cc295904c5881198fd952cf      1     58     59
e7bd8702b797a059c50c8472b39da565      1     58     59
e8ebd0b393bdac062ba26e8ad6e1b34c      1     69     71
e9aa000f2ea1c736ae7e91a9eb02dfa6      1    144    146
eaa94cd4e06e1cd8cbcdbf541b9b3bfb      1     65     67
ec8decefe7eeb01560e468a22a040c7b      1     65     67
ed110aa108af42c3c7cfb5a59d796569      1     64     65
ed753c23cfce23b6bf7185c3c6da4169      1     62     63
ef8d02e8d6696ef7f19562c25f5a55ff      1     59     60
f09f6c370e34c659a8b4558fcc59bf6f      1     61     62
f0e770a5f96fd344e7b471c109bfa49a      1     77     78
f1b9a0d92c93b8bda0447d749093492f      1     64     65
f1c2b24263a16eebcfdf060b82e0e033      1     62     63
f39025380652e2643bafd922c9b05591      1     66     67
f41b0775247d8655775b61828ad43276      1     65     66
f55c23ec87291834f17c9b85a42526e2      1     66     67
f60aec074e95744f0413a70e903df383      1     62     63
f686490427c0cb6c00fd6bbb2a30badc      1    148    153
f6e548d8af14b9594b817c0294d2d740      1     58     59
f7823049af681183b081fbc5e88b48c7      1     64     65
f99c5a6c441a50e7c80f9d997cb2cbf0      1    110    112
f9a4997c22f55ac707c13a9bfb3bc1ab      1     64     66
fa3382a43e957234f641afe155fd031a      1     58     59
fd013c1bd2033124209e3cb71f84a267      1     65     66
febfeec4d7ca4d24eb7698e67ea706a0      1     73     74
1427fd51f6beb58d7881dfbd97d59c27      2     97    102
1c17d40df1b2a120f84d4422b44c7fb7      2     68     72
4a3f82d6f93e040570546ba515ca5845      2     83     86
5a11f73f26ac3caeea7522c3ec2c124d      2     64     67
7f83d717840adb80388707fe19bacd5f      2    135    141
873e598d36cee740db7ee369945a87f5      2     76     79
c9d724d2b6e91c153ee7a8e76fed9b58      2     69     72
d85865a473a8a2e2c03a614e7af3974d      2     82     85
00b65469934cbdd335758981590fd506      3    102    110
39671d1780aff54e1fe2886c5179446b      3    261    277
438c292adb570a78db1c109fdca51ded      3     72     77
abf95caa2df3622eb50f81cd9fb11bee      3    105    113
3da86cc3b814936a6fd933132d8157a3      4     95    105
644e8ec90f4659ccaeabd6b4b8a53800      4     68     75
ea792da27111b04c72b33a240abe92d2      4    444    484
fea0778c385e48b9d5581835b23fc75f      4     95    103
59e6b6fe807e0ead41c8e0118a5dcc6b      5    141    157
8d3c129c16c9ec0f9f84479206998a39      8    114    136
b5841eaef4abcfde9f6a0344ad243970     17     69    103
